-0.0458984375
-0.053375244140625
-0.055694580078125
-0.055633544921875
-0.056365966796875
-0.058197021484375
-0.059722900390625
-0.05987548828125
-0.05950927734375
-0.058380126953125
-0.055816650390625
-0.04949951171875
-0.039703369140625
-0.02972412109375
-0.023284912109375
-0.02105712890625
-0.018951416015625
-0.014007568359375
-0.00579833984375
0.002410888671875
0.00970458984375
0.016510009765625
0.0228271484375
0.0263671875
0.026092529296875
0.024200439453125
0.02423095703125
0.026275634765625
0.02630615234375
0.021575927734375
0.013275146484375
0.005401611328125
-8.85009765625E-4
-0.006500244140625
-0.01324462890625
-0.02056884765625
-0.027496337890625
-0.03424072265625
-0.0413818359375
-0.0491943359375
-0.05670166015625
-0.064239501953125
-0.07098388671875
-0.076904296875
-0.08038330078125
-0.082427978515625
-0.084381103515625
-0.086578369140625
-0.087554931640625
-0.085662841796875
-0.0821533203125
-0.078857421875
-0.0750732421875
-0.0687255859375
-0.05938720703125
-0.04986572265625
-0.043212890625
-0.0377197265625
-0.0308837890625
-0.02142333984375
-0.0118408203125
-0.003143310546875
0.005279541015625
0.0147705078125
0.0238037109375
0.0302734375
0.034149169921875
0.036865234375
0.0396728515625
0.04217529296875
0.043731689453125
0.04425048828125
0.042816162109375
0.039276123046875
0.0340576171875
0.029754638671875
0.02630615234375
0.02301025390625
0.018218994140625
0.0126953125
0.00689697265625
-2.74658203125E-4
-0.009552001953125
-0.0189208984375
-0.024658203125
-0.0267333984375
-0.027008056640625
-0.02874755859375
-0.03033447265625
-0.030914306640625
-0.030426025390625
-0.028778076171875
-0.024932861328125
-0.017059326171875
-0.007537841796875
2.13623046875E-4
0.005523681640625
0.01141357421875
0.020111083984375
0.0302734375
0.03948974609375
0.047607421875
0.055999755859375
0.063629150390625
0.069671630859375
0.073944091796875
0.07867431640625
0.083465576171875
0.086090087890625
0.085052490234375
0.08251953125
0.08056640625
0.0782470703125
0.07342529296875
0.0654296875
0.05682373046875
0.04876708984375
0.040740966796875
0.031707763671875
0.02215576171875
0.013275146484375
0.004486083984375
-0.005096435546875
-0.01593017578125
-0.0263671875
-0.03533935546875
-0.042083740234375
-0.047821044921875
-0.05322265625
-0.0592041015625
-0.0650634765625
-0.069549560546875
-0.071502685546875
-0.071502685546875
-0.070404052734375
-0.06976318359375
-0.06842041015625
-0.06500244140625
-0.05841064453125
-0.049468994140625
-0.041168212890625
-0.035003662109375
-0.0294189453125
-0.021942138671875
-0.01092529296875
3.96728515625E-4
0.00946044921875
0.01556396484375
0.020294189453125
0.0238037109375
0.02587890625
0.0262451171875
0.02734375
0.02862548828125
0.027740478515625
0.02227783203125
0.0150146484375
0.009185791015625
0.005889892578125
5.18798828125E-4
-0.00830078125
-0.01953125
-0.029571533203125
-0.038909912109375
-0.049560546875
-0.061431884765625
-0.071014404296875
-0.076690673828125
-0.080047607421875
-0.08477783203125
-0.091766357421875
-0.09735107421875
-0.098724365234375
-0.0950927734375
-0.08966064453125
-0.08477783203125
-0.080718994140625
-0.07537841796875
-0.067108154296875
-0.056640625
-0.045074462890625
-0.034027099609375
-0.023101806640625
-0.01275634765625
-0.0028076171875
0.006591796875
0.015625
0.024078369140625
0.0322265625
0.040069580078125
0.047882080078125
0.054595947265625
0.058685302734375
0.0601806640625
0.061004638671875
0.061798095703125
0.06231689453125
0.0604248046875
0.0560302734375
0.050445556640625
0.044677734375
0.039154052734375
0.03253173828125
0.024810791015625
0.01611328125
0.0081787109375
0.001983642578125
-0.003692626953125
-0.010223388671875
-0.017669677734375
-0.022705078125
-0.02386474609375
-0.0234375
-0.024871826171875
-0.027374267578125
-0.02728271484375
-0.0233154296875
-0.019317626953125
-0.016937255859375
-0.014007568359375
-0.00604248046875
0.004730224609375
0.0142822265625
0.02105712890625
0.028411865234375
0.038299560546875
0.04962158203125
0.059722900390625
0.06854248046875
0.076446533203125
0.083099365234375
0.08868408203125
0.09356689453125
0.09783935546875
0.0994873046875
0.09832763671875
0.09619140625
0.093902587890625
0.089569091796875
0.08282470703125
0.0751953125
0.069091796875
0.061187744140625
0.048736572265625
0.03375244140625
0.02276611328125
0.0164794921875
0.01019287109375
-6.103515625E-5
-0.01171875
-0.02117919921875
-0.02813720703125
-0.035247802734375
-0.040679931640625
-0.043792724609375
-0.044281005859375
-0.045379638671875
-0.04571533203125
-0.043914794921875
-0.040252685546875
-0.037078857421875
-0.034149169921875
-0.029144287109375
-0.022491455078125
-0.016571044921875
-0.01153564453125
-0.0037841796875
0.006988525390625
0.017181396484375
0.024200439453125
0.03106689453125
0.0406494140625
0.051300048828125
0.05853271484375
0.06304931640625
0.0670166015625
0.0711669921875
0.072662353515625
0.072265625
0.071990966796875
0.07183837890625
0.068603515625
0.061981201171875
0.054962158203125
0.04791259765625
0.038665771484375
0.026153564453125
0.01617431640625
0.010040283203125
0.0040283203125
-0.00762939453125
-0.02117919921875
-0.0301513671875
-0.03448486328125
-0.0400390625
-0.048919677734375
-0.054656982421875
-0.054229736328125
-0.05206298828125
-0.05462646484375
-0.0594482421875
-0.0594482421875
-0.05181884765625
-0.04119873046875
-0.03204345703125
-0.0247802734375
-0.01763916015625
-0.010009765625
-0.001678466796875
0.00848388671875
0.01934814453125
0.029754638671875
0.038055419921875
0.0452880859375
0.0523681640625
0.05853271484375
0.063323974609375
0.0672607421875
0.069915771484375
0.0706787109375
0.0692138671875
0.06744384765625
0.066375732421875
0.06414794921875
0.059234619140625
0.052978515625
0.048675537109375
0.04522705078125
0.03857421875
0.026702880859375
0.012359619140625
1.220703125E-4
-0.009979248046875
-0.019134521484375
-0.02813720703125
-0.035064697265625
-0.03997802734375
-0.044891357421875
-0.05133056640625
-0.057952880859375
-0.063262939453125
-0.066070556640625
-0.06768798828125
-0.067901611328125
-0.06591796875
-0.062225341796875
-0.057159423828125
-0.052337646484375
-0.047027587890625
-0.04071044921875
-0.032745361328125
-0.023223876953125
-0.012969970703125
-0.00299072265625
0.0050048828125
0.01104736328125
0.016387939453125
0.023345947265625
0.031829833984375
0.0394287109375
0.04400634765625
0.04547119140625
0.0455322265625
0.04364013671875
0.040069580078125
0.03509521484375
0.031982421875
0.030548095703125
0.026947021484375
0.017822265625
0.004547119140625
-0.0079345703125
-0.017333984375
-0.026153564453125
-0.037139892578125
-0.0496826171875
-0.061187744140625
-0.070770263671875
-0.078582763671875
-0.084747314453125
-0.0888671875
-0.09197998046875
-0.09552001953125
-0.09912109375
-0.101043701171875
-0.100860595703125
-0.099029541015625
-0.095611572265625
-0.089813232421875
-0.083343505859375
-0.077789306640625
-0.072784423828125
-0.06396484375
-0.05126953125
-0.03875732421875
-0.030303955078125
-0.022369384765625
-0.010711669921875
0.0028076171875
0.01165771484375
0.015625
0.02081298828125
0.031158447265625
0.040130615234375
0.04168701171875
0.03753662109375
0.036346435546875
0.040069580078125
0.04345703125
0.041839599609375
0.037017822265625
0.0328369140625
0.02947998046875
0.023712158203125
0.015380859375
0.00738525390625
0.00238037109375
-3.0517578125E-4
-0.00390625
-0.009674072265625
-0.01513671875
-0.016448974609375
-0.014007568359375
-0.013580322265625
-0.017852783203125
-0.02252197265625
-0.02099609375
-0.01422119140625
-0.00958251953125
-0.009033203125
-0.005950927734375
0.0050048828125
0.01837158203125
0.02618408203125
0.02789306640625
0.029998779296875
0.035980224609375
0.04327392578125
0.049560546875
0.056121826171875
0.062591552734375
0.067657470703125
0.069366455078125
0.06915283203125
0.066162109375
0.0606689453125
0.055572509765625
0.05389404296875
0.054534912109375
0.05145263671875
0.04461669921875
0.03887939453125
0.03582763671875
0.030670166015625
0.021209716796875
0.01275634765625
0.009246826171875
0.007904052734375
0.003753662109375
-0.00244140625
-0.009368896484375
-0.020172119140625
-0.033935546875
-0.042755126953125
-0.042266845703125
-0.039459228515625
-0.043426513671875
-0.048583984375
-0.047760009765625
-0.044708251953125
-0.050323486328125
-0.057830810546875
-0.05084228515625
-0.029266357421875
-0.012664794921875
-0.0130615234375
-0.02069091796875
-0.022552490234375
-0.020751953125
-0.018218994140625
-0.011444091796875
-5.4931640625E-4
0.00286865234375
-0.0028076171875
-0.00177001953125
0.012298583984375
0.020843505859375
0.009429931640625
-0.002044677734375
0.00946044921875
0.02880859375
0.02392578125
-0.001678466796875
-0.013275146484375
-0.003753662109375
-0.002532958984375
-0.02557373046875
-0.0499267578125
-0.057159423828125
-0.05780029296875
-0.063812255859375
-0.062774658203125
-0.05279541015625
-0.05340576171875
-0.069915771484375
-0.0731201171875
-0.052764892578125
-0.044525146484375
-0.072509765625
-0.09564208984375
-0.07147216796875
-0.030792236328125
-0.031585693359375
-0.0634765625
-0.06719970703125
-0.03668212890625
-0.019683837890625
-0.024658203125
-0.01513671875
0.00604248046875
-0.00323486328125
-0.024444580078125
0.00921630859375
0.07623291015625
0.063446044921875
-0.03509521484375
-0.064788818359375
0.047760009765625
0.13238525390625
0.030487060546875
-0.117706298828125
-0.059722900390625
0.14044189453125
0.15301513671875
-0.111968994140625
-0.328826904296875
-0.226715087890625
0.018218994140625
0.075225830078125
-0.046844482421875
-0.08184814453125
0.019439697265625
0.02447509765625
-0.154937744140625
-0.267852783203125
-0.0836181640625
0.264404296875
0.45501708984375
0.360076904296875
0.105682373046875
-0.14227294921875
-0.29376220703125
-0.301666259765625
-0.175384521484375
-0.019744873046875
0.054779052734375
0.05645751953125
0.07012939453125
0.113739013671875
0.139862060546875
0.1463623046875
0.176666259765625
0.216766357421875
0.210601806640625
0.1761474609375
0.191802978515625
0.239654541015625
0.197296142578125
0.023590087890625
-0.1558837890625
-0.2191162109375
-0.1890869140625
-0.133148193359375
-0.03289794921875
0.130340576171875
0.24066162109375
0.151885986328125
-0.097015380859375
-0.285369873046875
-0.2491455078125
-0.026275634765625
0.212615966796875
0.303924560546875
0.174163818359375
-0.099639892578125
-0.3135986328125
-0.31134033203125
-0.157073974609375
-0.039306640625
-0.016265869140625
0.021087646484375
0.112518310546875
0.129302978515625
-0.0057373046875
-0.1439208984375
-0.10809326171875
0.03643798828125
0.078277587890625
-0.02056884765625
-0.087371826171875
-0.0218505859375
0.05889892578125
0.023468017578125
-0.069091796875
-0.070556640625
0.041839599609375
0.156036376953125
0.186065673828125
0.149139404296875
0.1033935546875
0.08148193359375
0.085662841796875
0.098052978515625
0.0958251953125
0.082733154296875
0.092498779296875
0.133331298828125
0.164031982421875
0.155517578125
0.13824462890625
0.141357421875
0.125885009765625
0.04510498046875
-0.053741455078125
-0.0706787109375
0.004638671875
0.074493408203125
0.06414794921875
0.00445556640625
-0.042633056640625
-0.065704345703125
-0.07769775390625
-0.070465087890625
-0.0479736328125
-0.0537109375
-0.110504150390625
-0.16668701171875
-0.15606689453125
-0.08648681640625
-0.022003173828125
-0.002532958984375
-0.03240966796875
-0.108245849609375
-0.200775146484375
-0.228973388671875
-0.138214111328125
-1.52587890625E-4
0.051239013671875
-0.011810302734375
-0.074737548828125
-0.044921875
0.038055419921875
0.093963623046875
0.1231689453125
0.161407470703125
0.178985595703125
0.117034912109375
0.00762939453125
-0.04876708984375
-0.014892578125
0.03924560546875
0.0487060546875
0.02191162109375
-0.011505126953125
-0.053619384765625
-0.089447021484375
-0.063720703125
0.04058837890625
0.138916015625
0.143218994140625
0.079376220703125
0.04754638671875
0.070220947265625
0.07537841796875
0.0263671875
-0.0079345703125
0.032318115234375
0.095123291015625
0.083892822265625
-9.1552734375E-4
-0.06158447265625
-0.037139892578125
0.02899169921875
0.07000732421875
0.08245849609375
0.104095458984375
0.13531494140625
0.132171630859375
0.074188232421875
-0.002777099609375
-0.04541015625
-0.042327880859375
-0.028564453125
-0.040924072265625
-0.07989501953125
-0.112213134765625
-0.115509033203125
-0.106231689453125
-0.122344970703125
-0.1705322265625
-0.206787109375
-0.185150146484375
-0.11151123046875
-0.036651611328125
0.00433349609375
0.013946533203125
0.001220703125
-0.03558349609375
-0.077117919921875
-0.068389892578125
0.01483154296875
0.105865478515625
0.104248046875
0.001495361328125
-0.0977783203125
-0.106048583984375
-0.05792236328125
-0.04840087890625
-0.09271240234375
-0.10565185546875
-0.0244140625
0.10015869140625
0.153106689453125
0.082122802734375
-0.044708251953125
-0.1004638671875
-0.0205078125
0.12493896484375
0.194854736328125
0.1341552734375
0.046417236328125
0.05438232421875
0.117523193359375
0.07281494140625
-0.1180419921875
-0.275848388671875
-0.24041748046875
-0.105865478515625
-0.088470458984375
-0.1934814453125
-0.194366455078125
0.02294921875
0.256988525390625
0.23992919921875
-0.013214111328125
-0.250640869140625
-0.305694580078125
-0.225372314453125
-0.102447509765625
0.038360595703125
0.136444091796875
0.05108642578125
-0.25006103515625
-0.539947509765625
-0.521575927734375
-0.16241455078125
0.255767822265625
0.428924560546875
0.29876708984375
0.0296630859375
-0.183837890625
-0.2464599609375
-0.16412353515625
0.0025634765625
0.180938720703125
0.30804443359375
0.33026123046875
0.2218017578125
0.0423583984375
-0.049346923828125
0.076324462890625
0.355865478515625
0.56634521484375
0.56103515625
0.411346435546875
0.26837158203125
0.1666259765625
0.05218505859375
-0.044281005859375
-0.0135498046875
0.1485595703125
0.2845458984375
0.26837158203125
0.159271240234375
0.089996337890625
0.074676513671875
0.03582763671875
-0.02655029296875
-0.02264404296875
0.064208984375
0.113739013671875
0.032470703125
-0.107421875
-0.16510009765625
-0.120880126953125
-0.08648681640625
-0.13397216796875
-0.20880126953125
-0.224334716796875
-0.186065673828125
-0.1685791015625
-0.20806884765625
-0.26641845703125
-0.29815673828125
-0.306396484375
-0.318817138671875
-0.335540771484375
-0.329681396484375
-0.2889404296875
-0.23699951171875
-0.199310302734375
-0.16802978515625
-0.11651611328125
-0.046905517578125
-0.003662109375
-0.024169921875
-0.089019775390625
-0.137451171875
-0.1326904296875
-0.089996337890625
-0.03924560546875
0.018798828125
0.10028076171875
0.19268798828125
0.2535400390625
0.25567626953125
0.22137451171875
0.198272705078125
0.21258544921875
0.2506103515625
0.279541015625
0.27020263671875
0.21417236328125
0.130126953125
0.05889892578125
0.038604736328125
0.07086181640625
0.12249755859375
0.15057373046875
0.13763427734375
0.09246826171875
0.040740966796875
0.006378173828125
0.001129150390625
0.017242431640625
0.037933349609375
0.05078125
0.04559326171875
0.00164794921875
-0.093994140625
-0.203460693359375
-0.240936279296875
-0.16033935546875
-0.032196044921875
0.013397216796875
-0.064208984375
-0.166351318359375
-0.1827392578125
-0.13134765625
-0.120758056640625
-0.190216064453125
-0.258209228515625
-0.241943359375
-0.17108154296875
-0.132568359375
-0.1483154296875
-0.16217041015625
-0.138702392578125
-0.112060546875
-0.119110107421875
-0.140350341796875
-0.13739013671875
-0.11810302734375
-0.120635986328125
-0.142120361328125
-0.13604736328125
-0.077728271484375
-0.007568359375
0.021209716796875
0.005401611328125
-0.013336181640625
-0.006439208984375
0.01446533203125
0.0325927734375
0.054779052734375
0.097991943359375
0.15167236328125
0.17742919921875
0.15283203125
0.10443115234375
0.089324951171875
0.133514404296875
0.204620361328125
0.2447509765625
0.23382568359375
0.2012939453125
0.1829833984375
0.183746337890625
0.190216064453125
0.201141357421875
0.21954345703125
0.2298583984375
0.2091064453125
0.163604736328125
0.121673583984375
0.088653564453125
0.037506103515625
-0.032012939453125
-0.066009521484375
-0.02398681640625
0.0494384765625
0.072174072265625
0.036163330078125
0.01324462890625
0.0362548828125
0.041107177734375
-0.028228759765625
-0.113189697265625
-0.113983154296875
-0.041656494140625
-0.02008056640625
-0.109100341796875
-0.218170166015625
-0.22998046875
-0.159332275390625
-0.11798095703125
-0.151031494140625
-0.18377685546875
-0.137939453125
-0.033905029296875
0.044830322265625
0.052825927734375
0.011932373046875
-0.0279541015625
-0.03057861328125
0.01007080078125
0.061981201171875
0.0750732421875
0.03509521484375
-0.013214111328125
-0.018524169921875
0.009857177734375
0.023284912109375
0.01544189453125
0.04010009765625
0.124786376953125
0.206573486328125
0.1922607421875
0.07305908203125
-0.05389404296875
-0.0853271484375
-0.006195068359375
0.112335205078125
0.18963623046875
0.18804931640625
0.12030029296875
0.027679443359375
-0.042510986328125
-0.065399169921875
-0.057830810546875
-0.058807373046875
-0.088165283203125
-0.124847412109375
-0.14312744140625
-0.149200439453125
-0.166229248046875
-0.18182373046875
-0.14642333984375
-0.04571533203125
0.052093505859375
0.0570068359375
-0.030242919921875
-0.11016845703125
-0.102081298828125
-0.034698486328125
0.006195068359375
-0.0023193359375
-0.008270263671875
0.01959228515625
0.039794921875
0.009796142578125
-0.03533935546875
-0.022186279296875
0.061126708984375
0.1527099609375
0.19927978515625
0.208953857421875
0.2021484375
0.164398193359375
0.079345703125
-0.009796142578125
-0.03009033203125
0.0318603515625
0.106048583984375
0.1185302734375
0.071685791015625
0.019744873046875
-0.006195068359375
-0.0206298828125
-0.03961181640625
-0.048431396484375
-0.02972412109375
0.00433349609375
0.021728515625
0.008697509765625
-0.022613525390625
-0.05670166015625
-0.088409423828125
-0.11077880859375
-0.105224609375
-0.06536865234375
-0.02044677734375
-0.018585205078125
-0.074951171875
-0.144195556640625
-0.166473388671875
-0.136016845703125
-0.107147216796875
-0.124847412109375
-0.16229248046875
-0.15655517578125
-0.09033203125
-0.015716552734375
0.014984130859375
0.010406494140625
0.0155029296875
0.045867919921875
0.07623291015625
0.084381103515625
0.076904296875
0.066253662109375
0.051116943359375
0.028289794921875
0.00494384765625
-0.011016845703125
-0.015167236328125
0.003753662109375
0.0594482421875
0.12811279296875
0.148651123046875
0.08502197265625
-0.01202392578125
-0.049591064453125
0.0079345703125
0.102081298828125
0.151580810546875
0.128265380859375
0.05987548828125
-0.0128173828125
-0.061126708984375
-0.076690673828125
-0.0721435546875
-0.068328857421875
-0.064178466796875
-0.037933349609375
0.006591796875
0.024688720703125
-0.013458251953125
-0.06915283203125
-0.0771484375
-0.034454345703125
-0.001953125
-0.01739501953125
-0.048187255859375
-0.054595947265625
-0.049713134765625
-0.069915771484375
-0.10406494140625
-0.107940673828125
-0.073516845703125
-0.04400634765625
-0.052886962890625
-0.0789794921875
-0.0869140625
-0.078338623046875
-0.080902099609375
-0.097930908203125
-0.098876953125
-0.071380615234375
-0.049713134765625
-0.0760498046875
-0.134124755859375
-0.15728759765625
-0.113433837890625
-0.054779052734375
-0.0562744140625
-0.10821533203125
-0.12542724609375
-0.066192626953125
0.002777099609375
0.002197265625
-0.045654296875
-0.052581787109375
-0.001495361328125
0.03558349609375
0.019775390625
0.0145263671875
0.0843505859375
0.18206787109375
0.20330810546875
0.124603271484375
0.02996826171875
0.004150390625
0.056488037109375
0.148040771484375
0.2364501953125
0.283599853515625
0.26519775390625
0.20233154296875
0.148681640625
0.130828857421875
0.1326904296875
0.1453857421875
0.18341064453125
0.227325439453125
0.205902099609375
0.091400146484375
-0.0306396484375
-0.054443359375
0.00927734375
0.05413818359375
0.03118896484375
-9.765625E-4
0.013092041015625
0.040069580078125
0.0274658203125
-0.01007080078125
-0.028564453125
-0.03314208984375
-0.061492919921875
-0.109710693359375
-0.14044189453125
-0.1514892578125
-0.172454833984375
-0.20184326171875
-0.2022705078125
-0.170440673828125
-0.14996337890625
-0.155303955078125
-0.144134521484375
-0.093963623046875
-0.059783935546875
-0.09637451171875
-0.16497802734375
-0.173675537109375
-0.10174560546875
-0.02288818359375
-0.003082275390625
-0.02630615234375
-0.03955078125
-0.025115966796875
-0.003997802734375
0.011810302734375
0.030487060546875
0.059661865234375
0.085296630859375
0.081512451171875
0.033447265625
-0.033050537109375
-0.055999755859375
0.001434326171875
0.089996337890625
0.112579345703125
0.045074462890625
-0.021820068359375
0.00274658203125
0.0853271484375
0.116851806640625
0.0654296875
0.011932373046875
0.020233154296875
0.046844482421875
0.020751953125
-0.041534423828125
-0.065887451171875
-0.036773681640625
-0.0106201171875
-0.01837158203125
-0.022064208984375
0.00714111328125
0.0264892578125
-0.016143798828125
-0.0953369140625
-0.1337890625
-0.103302001953125
-0.051788330078125
-0.02874755859375
-0.025543212890625
-0.01043701171875
0.012542724609375
0.010955810546875
-0.02288818359375
-0.052581787109375
-0.04046630859375
0.007293701171875
0.04364013671875
0.028900146484375
-0.031585693359375
-0.09283447265625
-0.116973876953125
-0.1046142578125
-0.081207275390625
-0.05938720703125
-0.031524658203125
0.003082275390625
0.020172119140625
-4.2724609375E-4
-0.0458984375
-0.078643798828125
-0.078643798828125
-0.05914306640625
-0.0506591796875
-0.0682373046875
-0.1002197265625
-0.11767578125
-0.102447509765625
-0.06719970703125
-0.0413818359375
-0.0267333984375
0.00555419921875
0.0614013671875
0.08892822265625
0.03912353515625
-0.0479736328125
-0.07550048828125
-0.01776123046875
0.03839111328125
0.014617919921875
-0.044921875
-0.041259765625
0.031951904296875
0.084381103515625
0.068145751953125
0.04254150390625
0.06890869140625
0.1134033203125
0.10467529296875
0.04986572265625
0.021331787109375
0.050933837890625
0.09356689453125
0.101165771484375
0.07916259765625
0.05487060546875
0.039276123046875
0.034515380859375
0.052032470703125
0.090911865234375
0.124053955078125
0.126373291015625
0.104522705078125
0.0782470703125
0.0552978515625
0.036041259765625
0.032135009765625
0.048553466796875
0.0679931640625
0.07269287109375
0.06964111328125
0.07244873046875
0.0670166015625
0.0333251953125
-0.011505126953125
-0.0242919921875
0.003082275390625
0.029632568359375
0.021575927734375
-0.006195068359375
-0.020355224609375
-0.0091552734375
0.017547607421875
0.04736328125
0.060821533203125
0.0421142578125
0.006805419921875
0.0037841796875
0.04534912109375
0.077728271484375
0.048583984375
-0.01068115234375
-0.0264892578125
0.003631591796875
0.00616455078125
-0.051666259765625
-0.10321044921875
-0.076904296875
-0.003204345703125
0.032073974609375
0.002593994140625
-0.040863037109375
-0.0570068359375
-0.059051513671875
-0.06573486328125
-0.06695556640625
-0.0574951171875
-0.06048583984375
-0.08856201171875
-0.1075439453125
-0.08050537109375
-0.027496337890625
-0.005279541015625
-0.0330810546875
-0.069366455078125
-0.070587158203125
-0.041839599609375
-0.0167236328125
-0.007537841796875
0.002838134765625
0.027252197265625
0.048614501953125
0.044403076171875
0.0208740234375
0.017486572265625
0.059722900390625
0.120361328125
0.1424560546875
0.106475830078125
0.05950927734375
0.06085205078125
0.111663818359375
0.15576171875
0.148345947265625
0.100341796875
0.057647705078125
0.050384521484375
0.07366943359375
0.09930419921875
0.100830078125
0.0782470703125
0.056976318359375
0.058258056640625
0.06219482421875
0.0341796875
-0.021240234375
-0.0531005859375
-0.03558349609375
-0.0091552734375
-0.0224609375
-0.0606689453125
-0.072509765625
-0.056884765625
-0.061676025390625
-0.098968505859375
-0.119049072265625
-0.092376708984375
-0.0667724609375
-0.093017578125
-0.140472412109375
-0.1392822265625
-0.090576171875
-0.0670166015625
-0.10162353515625
-0.139495849609375
-0.122802734375
-0.07196044921875
-0.0467529296875
-0.05523681640625
-0.05426025390625
-0.01812744140625
0.0283203125
0.051483154296875
0.043365478515625
0.01641845703125
-0.0128173828125
-0.022552490234375
8.23974609375E-4
0.0404052734375
0.05718994140625
0.03570556640625
0.006561279296875
0.0079345703125
0.03753662109375
0.05950927734375
0.048980712890625
0.01947021484375
0.00250244140625
0.015777587890625
0.04534912109375
0.057952880859375
0.0352783203125
-0.00115966796875
-0.00836181640625
0.021820068359375
0.0450439453125
0.014862060546875
-0.052398681640625
-0.0931396484375
-0.071258544921875
-0.01568603515625
0.022186279296875
0.02447509765625
0.006256103515625
-0.017486572265625
-0.0419921875
-0.058868408203125
-0.0552978515625
-0.032440185546875
-0.008636474609375
-0.002685546875
-0.019500732421875
-0.047637939453125
-0.066925048828125
-0.061553955078125
-0.03656005859375
-0.01953125
-0.028839111328125
-0.051055908203125
-0.057098388671875
-0.045745849609375
-0.041595458984375
-0.05523681640625
-0.064239501953125
-0.05010986328125
-0.02789306640625
-0.023193359375
-0.032379150390625
-0.032257080078125
-0.019927978515625
-0.016143798828125
-0.030670166015625
-0.0491943359375
-0.058135986328125
-0.06256103515625
-0.065948486328125
-0.055572509765625
-0.02313232421875
0.0133056640625
0.025604248046875
0.01043701171875
-0.00775146484375
-0.0040283203125
0.023345947265625
0.05694580078125
0.072357177734375
0.058319091796875
0.027740478515625
0.00897216796875
0.0152587890625
0.028167724609375
0.0277099609375
0.023162841796875
0.036468505859375
0.062164306640625
0.068878173828125
0.050537109375
0.0380859375
0.0540771484375
0.075775146484375
0.0693359375
0.039947509765625
0.020416259765625
0.02069091796875
0.022064208984375
0.013214111328125
0.006317138671875
0.00701904296875
0.00238037109375
-0.015869140625
-0.029937744140625
-0.023590087890625
-0.0048828125
0.00390625
-0.004913330078125
-0.02288818359375
-0.042236328125
-0.053955078125
-0.05072021484375
-0.033905029296875
-0.022216796875
-0.0272216796875
-0.03631591796875
-0.031829833984375
-0.019195556640625
-0.014404296875
-0.011993408203125
0.00555419921875
0.0306396484375
0.03472900390625
0.01568603515625
0.00823974609375
0.030792236328125
0.052886962890625
0.0408935546875
0.011749267578125
0.0078125
0.03424072265625
0.055633544921875
0.053314208984375
0.045166015625
0.047515869140625
0.04705810546875
0.03143310546875
0.014923095703125
0.0167236328125
0.02667236328125
0.021148681640625
-0.00250244140625
-0.0230712890625
-0.02923583984375
-0.03094482421875
-0.041473388671875
-0.058990478515625
-0.07232666015625
-0.074371337890625
-0.06842041015625
-0.067291259765625
-0.08355712890625
-0.1142578125
-0.138702392578125
-0.13800048828125
-0.119140625
-0.103851318359375
-0.10400390625
-0.110992431640625
-0.112396240234375
-0.10491943359375
-0.089813232421875
-0.07122802734375
-0.055328369140625
-0.048553466796875
-0.04583740234375
-0.036865234375
-0.01983642578125
-0.003204345703125
0.009124755859375
0.018096923828125
0.01922607421875
0.007598876953125
-0.00592041015625
0.0018310546875
0.02984619140625
0.054840087890625
0.0634765625
0.072418212890625
0.084259033203125
0.070556640625
0.023681640625
-3.96728515625E-4
0.0528564453125
0.13665771484375
0.139129638671875
0.035614013671875
-0.06024169921875
-0.039459228515625
0.054931640625
0.0880126953125
0.01617431640625
-0.067291259765625
-0.068450927734375
-0.012908935546875
0.01226806640625
-0.019012451171875
-0.05523681640625
-0.05303955078125
-0.028350830078125
-0.019744873046875
-0.03460693359375
-0.052276611328125
-0.0565185546875
-0.048065185546875
-0.037200927734375
-0.028839111328125
-0.02447509765625
-0.0211181640625
-0.016845703125
-0.009368896484375
0.002685546875
0.020050048828125
0.03662109375
0.0433349609375
0.03985595703125
0.03973388671875
0.05291748046875
0.070068359375
0.0718994140625
0.05682373046875
0.04345703125
0.0439453125
0.0491943359375
0.045989990234375
0.0394287109375
0.04327392578125
0.055267333984375
0.0552978515625
0.03265380859375
0.003509521484375
-0.005035400390625
0.0128173828125
0.034088134765625
0.03094482421875
0.005706787109375
-0.0098876953125
0.008697509765625
0.04425048828125
0.05511474609375
0.02716064453125
-0.005706787109375
-0.00384521484375
0.027984619140625
0.05218505859375
0.050079345703125
0.041290283203125
0.0445556640625
0.050079345703125
0.042022705078125
0.032501220703125
0.04571533203125
0.076568603515625
0.090789794921875
0.071990966796875
0.044830322265625
0.04241943359375
0.063812255859375
0.080596923828125
0.074127197265625
0.05322265625
0.036041259765625
0.0311279296875
0.034576416015625
0.034912109375
0.02056884765625
-0.007110595703125
-0.0277099609375
-0.023193359375
-0.00506591796875
-0.007110595703125
-0.0390625
-0.07049560546875
-0.0704345703125
-0.052734375
-0.055267333984375
-0.08306884765625
-0.1021728515625
-0.0897216796875
-0.0672607421875
-0.063201904296875
-0.07470703125
-0.076690673828125
-0.063232421875
-0.04766845703125
-0.035247802734375
-0.02081298828125
-0.00799560546875
-0.006591796875
-0.010772705078125
-0.001190185546875
0.019134521484375
0.02581787109375
0.012847900390625
0.01007080078125
0.037353515625
0.068634033203125
0.068695068359375
0.0474853515625
0.044769287109375
0.0667724609375
0.07928466796875
0.06494140625
0.051666259765625
0.066864013671875
0.092132568359375
0.0909423828125
0.0576171875
0.021942138671875
0.00787353515625
0.0164794921875
0.032623291015625
0.03741455078125
0.015533447265625
-0.025054931640625
-0.0494384765625
-0.03515625
-0.007110595703125
-0.0103759765625
-0.05157470703125
-0.0899658203125
-0.095306396484375
-0.07904052734375
-0.063751220703125
-0.050750732421875
-0.038116455078125
-0.041961669921875
-0.07080078125
-0.0972900390625
-0.086181640625
-0.04693603515625
-0.021636962890625
-0.02764892578125
-0.039794921875
-0.033050537109375
-0.01654052734375
-0.0068359375
-0.002410888671875
0.008636474609375
0.022857666015625
0.029510498046875
0.029052734375
0.027069091796875
0.024627685546875
0.021514892578125
0.026092529296875
0.040496826171875
0.0513916015625
0.047027587890625
0.036163330078125
0.03057861328125
0.021881103515625
-1.52587890625E-4
-0.01495361328125
0.006866455078125
0.048828125
0.053436279296875
0.0013427734375
-0.05035400390625
-0.037384033203125
0.022735595703125
0.052276611328125
0.012359619140625
-0.052154541015625
-0.079833984375
-0.06329345703125
-0.041900634765625
-0.0423583984375
-0.05535888671875
-0.062530517578125
-0.062347412109375
-0.064300537109375
-0.073150634765625
-0.081756591796875
-0.079376220703125
-0.059844970703125
-0.0302734375
-0.0086669921875
-0.010528564453125
-0.0316162109375
-0.0516357421875
-0.04931640625
-0.025848388671875
6.103515625E-4
0.01043701171875
0.00311279296875
-0.005767822265625
-0.002288818359375
0.010162353515625
0.0198974609375
0.023834228515625
0.028228759765625
0.032623291015625
0.027679443359375
0.010955810546875
3.96728515625E-4
0.0101318359375
0.0311279296875
0.0396728515625
0.02801513671875
0.011077880859375
9.46044921875E-4
-0.003631591796875
-0.0069580078125
-0.006500244140625
-0.00506591796875
-0.013641357421875
-0.030609130859375
-0.035003662109375
-0.01385498046875
0.010650634765625
0.0081787109375
-0.01617431640625
-0.026458740234375
-0.007568359375
0.0169677734375
0.024932861328125
0.027740478515625
0.0413818359375
0.052764892578125
0.038299560546875
0.01190185546875
0.010833740234375
0.043304443359375
0.072418212890625
0.0672607421875
0.04071044921875
0.0228271484375
0.022796630859375
0.0323486328125
0.04931640625
0.0699462890625
0.07427978515625
0.048797607421875
0.016021728515625
0.010772705078125
0.030914306640625
0.041015625
0.02947998046875
0.022369384765625
0.030303955078125
0.022125244140625
-0.0185546875
-0.0491943359375
-0.02093505859375
0.039520263671875
0.0576171875
0.010223388671875
-0.045684814453125
-0.055633544921875
-0.030792236328125
-0.00823974609375
0.004730224609375
0.017822265625
0.02032470703125
0.001556396484375
-0.0167236328125
-0.00634765625
0.01904296875
0.026092529296875
0.019012451171875
0.02947998046875
0.05279541015625
0.04949951171875
0.019683837890625
0.018585205078125
0.0650634765625
0.09698486328125
0.056884765625
-0.008148193359375
-0.008575439453125
0.05889892578125
0.1021728515625
0.066497802734375
9.765625E-4
-0.02142333984375
-0.00140380859375
0.01318359375
0.002960205078125
-0.01361083984375
-0.0284423828125
-0.048431396484375
-0.067138671875
-0.066619873046875
-0.05474853515625
-0.05889892578125
-0.0833740234375
-0.099822998046875
-0.093536376953125
-0.085540771484375
-0.098724365234375
-0.1202392578125
-0.123870849609375
-0.105621337890625
-0.0869140625
-0.081817626953125
-0.08575439453125
-0.08624267578125
-0.0753173828125
-0.05462646484375
-0.036468505859375
-0.0340576171875
-0.044097900390625
-0.04473876953125
-0.02435302734375
0.003265380859375
0.016845703125
0.01861572265625
0.022674560546875
0.0296630859375
0.02703857421875
0.013427734375
0.005767822265625
0.015838623046875
0.0406494140625
0.07012939453125
0.090484619140625
0.08148193359375
0.03924560546875
-0.002532958984375
7.62939453125E-4
0.042327880859375
0.060577392578125
0.019317626953125
-0.0418701171875
-0.058624267578125
-0.0291748046875
-0.004302978515625
-0.013885498046875
-0.03790283203125
-0.052337646484375
-0.05767822265625
-0.057769775390625
-0.046966552734375
-0.035430908203125
-0.045806884765625
-0.071258544921875
-0.072509765625
-0.040435791015625
-0.02337646484375
-0.052154541015625
-0.082305908203125
-0.056488037109375
-0.00189208984375
0.008544921875
-0.025054931640625
-0.025787353515625
0.035186767578125
0.085662841796875
0.06781005859375
0.0291748046875
0.041778564453125
0.082550048828125
0.07781982421875
0.0318603515625
0.025177001953125
0.080169677734375
0.120697021484375
0.091400146484375
0.03814697265625
0.031158447265625
0.063629150390625
0.08648681640625
0.090057373046875
0.0950927734375
0.089691162109375
0.050811767578125
0.011138916015625
0.029632568359375
0.093597412109375
0.11920166015625
0.0670166015625
-0.00146484375
-0.019287109375
0.0
0.00616455078125
-5.4931640625E-4
0.010772705078125
0.03009033203125
0.01654052734375
-0.025238037109375
-0.045989990234375
-0.025909423828125
-0.002105712890625
-0.00238037109375
-0.00872802734375
-0.002655029296875
-0.002166748046875
-0.022125244140625
-0.031982421875
-0.003631591796875
0.033782958984375
0.025909423828125
-0.021148681640625
-0.042694091796875
-0.003082275390625
0.0550537109375
0.07086181640625
0.0418701171875
0.016937255859375
0.028961181640625
0.058685302734375
0.063446044921875
0.03076171875
-0.0079345703125
-0.0106201171875
0.02459716796875
0.05010986328125
0.0242919921875
-0.033111572265625
-0.0592041015625
-0.02685546875
0.018463134765625
0.01824951171875
-0.02679443359375
-0.06201171875
-0.050689697265625
-0.012176513671875
0.0113525390625
0.00103759765625
-0.030120849609375
-0.054595947265625
-0.0533447265625
-0.02508544921875
0.008941650390625
0.023162841796875
0.01544189453125
0.00531005859375
0.007720947265625
0.0147705078125
0.016265869140625
0.02020263671875
0.03851318359375
0.06097412109375
0.062530517578125
0.038482666015625
0.013580322265625
0.01275634765625
0.03546142578125
0.062713623046875
0.079193115234375
0.0777587890625
0.054412841796875
0.017333984375
-0.0093994140625
-0.004302978515625
0.02294921875
0.036834716796875
0.016845703125
-0.0166015625
-0.0313720703125
-0.022979736328125
-0.017669677734375
-0.02978515625
-0.04449462890625
-0.04302978515625
-0.032806396484375
-0.03350830078125
-0.04376220703125
-0.04486083984375
-0.03350830078125
-0.02960205078125
-0.043365478515625
-0.054351806640625
-0.042755126953125
-0.02178955078125
-0.019622802734375
-0.033660888671875
-0.0325927734375
-0.005645751953125
0.018707275390625
0.01416015625
-0.003326416015625
0.0010986328125
0.029022216796875
0.050506591796875
0.04766845703125
0.037506103515625
0.04095458984375
0.053314208984375
0.057403564453125
0.050445556640625
0.0418701171875
0.034515380859375
0.02423095703125
0.01531982421875
0.01763916015625
0.028961181640625
0.030731201171875
0.014678955078125
-0.005767822265625
-0.012359619140625
-0.006866455078125
-0.00726318359375
-0.0223388671875
-0.043792724609375
-0.059417724609375
-0.066314697265625
-0.068023681640625
-0.068267822265625
-0.0697021484375
-0.074188232421875
-0.077301025390625
-0.0721435546875
-0.062164306640625
-0.061798095703125
-0.076019287109375
-0.085845947265625
-0.06988525390625
-0.038726806640625
-0.027008056640625
-0.0479736328125
-0.070068359375
-0.057403564453125
-0.019256591796875
0.002655029296875
-0.00982666015625
-0.027130126953125
-0.018524169921875
0.00628662109375
0.0133056640625
-0.003662109375
-0.0157470703125
-0.001800537109375
0.02069091796875
0.02032470703125
-0.0037841796875
-0.019927978515625
-0.005462646484375
0.021697998046875
0.025115966796875
-0.0032958984375
-0.02996826171875
-0.02294921875
0.006561279296875
0.015594482421875
-0.011871337890625
-0.04473876953125
-0.04779052734375
-0.029693603515625
-0.0263671875
-0.045501708984375
-0.057159423828125
-0.04193115234375
-0.01861572265625
-0.01324462890625
-0.01885986328125
-0.0146484375
-0.0018310546875
0.00146484375
-0.00347900390625
0.00384521484375
0.025543212890625
0.037628173828125
0.028717041015625
0.0201416015625
0.03216552734375
0.050384521484375
0.048370361328125
0.02783203125
0.015533447265625
0.02264404296875
0.035614013671875
0.040130615234375
0.037689208984375
0.032196044921875
0.026275634765625
0.026031494140625
0.03717041015625
0.046539306640625
0.0341796875
0.00732421875
0.004058837890625
0.035400390625
0.06109619140625
0.03839111328125
-0.010955810546875
-0.023773193359375
0.014801025390625
0.049652099609375
0.029571533203125
-0.020111083984375
-0.03570556640625
-1.220703125E-4
0.03936767578125
0.037841796875
0.007354736328125
-0.010284423828125
0.00146484375
0.01995849609375
0.023101806640625
0.015350341796875
0.017242431640625
0.030120849609375
0.036102294921875
0.02294921875
0.0062255859375
0.0126953125
0.044891357421875
0.073089599609375
0.067413330078125
0.033660888671875
0.003448486328125
-0.001708984375
0.009521484375
0.019134521484375
0.0223388671875
0.0252685546875
0.025299072265625
0.0147705078125
-0.00494384765625
-0.01806640625
-0.017578125
-0.015411376953125
-0.028656005859375
-0.0518798828125
-0.06280517578125
-0.04901123046875
-0.0306396484375
-0.03619384765625
-0.069671630859375
-0.102386474609375
-0.10577392578125
-0.0830078125
-0.06097412109375
-0.0599365234375
-0.073760986328125
-0.08642578125
-0.089080810546875
-0.084228515625
-0.074371337890625
-0.060394287109375
-0.045654296875
-0.035247802734375
-0.03204345703125
-0.031280517578125
-0.027252197265625
-0.01580810546875
0.00140380859375
0.016082763671875
0.01885986328125
0.010009765625
0.00347900390625
0.01153564453125
0.029083251953125
0.038482666015625
0.032012939453125
0.021942138671875
0.0208740234375
0.0277099609375
0.031341552734375
0.0299072265625
0.02825927734375
0.02703857421875
0.019256591796875
0.00238037109375
-0.0169677734375
-0.03131103515625
-0.0396728515625
-0.04327392578125
-0.041259765625
-0.03546142578125
-0.0328369140625
-0.041412353515625
-0.0589599609375
-0.075439453125
-0.079071044921875
-0.067230224609375
-0.046905517578125
-0.03375244140625
-0.03759765625
-0.053497314453125
-0.064239501953125
-0.0601806640625
-0.047698974609375
-0.037322998046875
-0.026458740234375
-0.00775146484375
0.014617919921875
0.026763916015625
0.024688720703125
0.0233154296875
0.033843994140625
0.051483154296875
0.06549072265625
0.07745361328125
0.094879150390625
0.11181640625
0.111846923828125
0.092681884765625
0.072906494140625
0.071044921875
0.084930419921875
0.099639892578125
0.10699462890625
0.107147216796875
0.095733642578125
0.068817138671875
0.03570556640625
0.021759033203125
0.038238525390625
0.066375732421875
0.071563720703125
0.04443359375
0.00872802734375
-0.00335693359375
0.0096435546875
0.021514892578125
0.007965087890625
-0.02484130859375
-0.0484619140625
-0.047088623046875
-0.031524658203125
-0.024139404296875
-0.030303955078125
-0.035614013671875
-0.032562255859375
-0.0308837890625
-0.042388916015625
-0.055633544921875
-0.04620361328125
-0.008209228515625
0.03369140625
0.04888916015625
0.033233642578125
0.008453369140625
-1.220703125E-4
0.015350341796875
0.0450439453125
0.06988525390625
0.076263427734375
0.06787109375
0.06005859375
0.061981201171875
0.0635986328125
0.0560302734375
0.049041748046875
0.060546875
0.082305908203125
0.0860595703125
0.06072998046875
0.0316162109375
0.024078369140625
0.02923583984375
0.022674560546875
0.006591796875
0.002410888671875
0.012542724609375
0.01104736328125
-0.011474609375
-0.032440185546875
-0.030120849609375
-0.017425537109375
-0.018646240234375
-0.031402587890625
-0.036224365234375
-0.029022216796875
-0.0233154296875
-0.022003173828125
-0.0164794921875
-0.010040283203125
-0.0164794921875
-0.029815673828125
-0.02264404296875
0.0108642578125
0.039947509765625
0.03656005859375
0.017608642578125
0.014129638671875
0.025634765625
0.0247802734375
0.007568359375
3.0517578125E-5
0.0140380859375
0.02899169921875
0.02410888671875
0.01141357421875
0.01068115234375
0.018218994140625
0.016693115234375
0.005584716796875
-9.1552734375E-5
0.002838134765625
0.00390625
1.220703125E-4
-1.52587890625E-4
0.001800537109375
-0.0074462890625
-0.029052734375
-0.042083740234375
-0.03045654296875
-0.00787353515625
6.7138671875E-4
-0.008758544921875
-0.019317626953125
-0.019683837890625
-0.016845703125
-0.016571044921875
-0.011993408203125
0.00396728515625
0.023834228515625
0.0335693359375
0.0306396484375
0.026397705078125
0.031982421875
0.044952392578125
0.057586669921875
0.0638427734375
0.0653076171875
0.0655517578125
0.065948486328125
0.065399169921875
0.065093994140625
0.066741943359375
0.072418212890625
0.07757568359375
0.076141357421875
0.064971923828125
0.04815673828125
0.032745361328125
0.02203369140625
0.016510009765625
0.013336181640625
0.008056640625
-0.003631591796875
-0.023284912109375
-0.04254150390625
-0.0523681640625
-0.051788330078125
-0.05206298828125
-0.063934326171875
-0.085296630859375
-0.102691650390625
-0.1072998046875
-0.102081298828125
-0.096099853515625
-0.09564208984375
-0.100555419921875
-0.107666015625
-0.1112060546875
-0.104339599609375
-0.08892822265625
-0.076019287109375
-0.074554443359375
-0.075347900390625
-0.060211181640625
-0.0299072265625
-0.007659912109375
-0.01116943359375
-0.02362060546875
-0.01739501953125
0.007843017578125
0.022857666015625
0.01617431640625
0.01220703125
0.0355224609375
0.068389892578125
0.074432373046875
0.051513671875
0.036102294921875
0.05029296875
0.070770263671875
0.0665283203125
0.042083740234375
0.02484130859375
0.02191162109375
0.01629638671875
8.23974609375E-4
-0.0089111328125
-0.0057373046875
-0.0048828125
-0.019287109375
-0.035919189453125
-0.037109375
-0.031341552734375
-0.040924072265625
-0.065460205078125
-0.07867431640625
-0.067230224609375
-0.0491943359375
-0.047882080078125
-0.06024169921875
-0.065826416015625
-0.055145263671875
-0.03643798828125
-0.021331787109375
-0.01470947265625
-0.01806640625
-0.02581787109375
-0.025390625
-0.0074462890625
0.016815185546875
0.027008056640625
0.020355224609375
0.016387939453125
0.028289794921875
0.045684814453125
0.052490234375
0.0545654296875
0.064971923828125
0.078765869140625
0.076385498046875
0.0565185546875
0.044586181640625
0.05706787109375
0.07757568359375
0.08062744140625
0.065673828125
0.054046630859375
0.053680419921875
0.05181884765625
0.03997802734375
0.0301513671875
0.032745361328125
0.03814697265625
0.030059814453125
0.011383056640625
-3.96728515625E-4
-0.0010986328125
-0.00384521484375
-0.015625
-0.023284912109375
-0.015380859375
-0.003753662109375
-0.0091552734375
-0.030181884765625
-0.040863037109375
-0.02447509765625
0.004241943359375
0.016571044921875
0.004302978515625
-0.0135498046875
-0.014190673828125
0.0029296875
0.01934814453125
0.01702880859375
-6.40869140625E-4
-0.012847900390625
-0.003204345703125
0.02099609375
0.035797119140625
0.029083251953125
0.01544189453125
0.01531982421875
0.027618408203125
0.032806396484375
0.02197265625
0.01025390625
0.00982666015625
0.013214111328125
0.00341796875
-0.0157470703125
-0.024688720703125
-0.01690673828125
-0.00732421875
-0.0130615234375
-0.032135009765625
-0.051605224609375
-0.06378173828125
-0.066314697265625
-0.05853271484375
-0.045166015625
-0.04193115234375
-0.058837890625
-0.08319091796875
-0.089263916015625
-0.070281982421875
-0.047271728515625
-0.0426025390625
-0.052337646484375
-0.0562744140625
-0.04608154296875
-0.0328369140625
-0.027130126953125
-0.0250244140625
-0.017486572265625
-0.00537109375
0.002166748046875
9.1552734375E-4
-0.00390625
-0.0047607421875
0.00140380859375
0.01397705078125
0.02734375
0.03326416015625
0.023834228515625
0.004852294921875
-0.007659912109375
-0.002227783203125
0.011993408203125
0.01654052734375
0.006317138671875
-0.00640869140625
-0.011932373046875
-0.017822265625
-0.033355712890625
-0.05010986328125
-0.051544189453125
-0.037445068359375
-0.029296875
-0.04132080078125
-0.062957763671875
-0.07452392578125
-0.067657470703125
-0.052520751953125
-0.03778076171875
-0.031890869140625
-0.03753662109375
-0.050628662109375
-0.053009033203125
-0.033538818359375
-0.003265380859375
0.011566162109375
0.00762939453125
0.00543212890625
0.02252197265625
0.046875
0.059539794921875
0.06298828125
0.071990966796875
0.087799072265625
0.094696044921875
0.091461181640625
0.096466064453125
0.12078857421875
0.14581298828125
0.144927978515625
0.119140625
0.096771240234375
0.09918212890625
0.115814208984375
0.11968994140625
0.099212646484375
0.070037841796875
0.054443359375
0.0546875
0.0528564453125
0.0361328125
0.01434326171875
0.00518798828125
0.005584716796875
-0.003021240234375
-0.02764892578125
-0.0465087890625
-0.040557861328125
-0.02093505859375
-0.01593017578125
-0.034698486328125
-0.0546875
-0.05596923828125
-0.042938232421875
-0.0355224609375
-0.042388916015625
-0.053009033203125
-0.053253173828125
-0.037933349609375
-0.016143798828125
-0.002197265625
-0.00164794921875
-0.00567626953125
2.13623046875E-4
0.016265869140625
0.03167724609375
0.0408935546875
0.05126953125
0.064239501953125
0.06890869140625
0.0596923828125
0.052734375
0.064422607421875
0.082122802734375
0.079315185546875
0.054107666015625
0.037200927734375
0.047637939453125
0.069000244140625
0.0753173828125
0.065826416015625
0.057281494140625
0.051300048828125
0.036773681640625
0.014190673828125
6.7138671875E-4
0.002716064453125
0.005157470703125
-0.006439208984375
-0.024932861328125
-0.034149169921875
-0.030487060546875
-0.0247802734375
-0.02490234375
-0.028533935546875
-0.03057861328125
-0.02911376953125
-0.024749755859375
-0.0203857421875
-0.019683837890625
-0.024688720703125
-0.033843994140625
-0.042083740234375
-0.044281005859375
-0.033721923828125
-0.009368896484375
0.017608642578125
0.026702880859375
0.0125732421875
-0.006866455078125
-0.0091552734375
0.00384521484375
0.011077880859375
0.0032958984375
-0.006256103515625
-0.004547119140625
0.002685546875
0.00274658203125
-0.002838134765625
-0.0040283203125
5.4931640625E-4
0.00225830078125
-0.001373291015625
-0.003448486328125
-6.40869140625E-4
0.001800537109375
-5.4931640625E-4
-0.002899169921875
-0.001251220703125
0.001220703125
1.52587890625E-4
-0.002410888671875
-0.0018310546875
9.1552734375E-4
5.4931640625E-4
-0.001953125
-0.002349853515625
3.662109375E-4
0.002166748046875
9.765625E-4
-4.2724609375E-4
2.44140625E-4
0.00140380859375
0.0010986328125
1.52587890625E-4
1.52587890625E-4
2.74658203125E-4
-7.01904296875E-4
-8.544921875E-4
-1.8310546875E-4
0.001190185546875
0.001007080078125
6.7138671875E-4
0.00115966796875
0.001953125
0.00115966796875
-4.57763671875E-4
-0.00103759765625
-1.8310546875E-4
3.0517578125E-5
-5.4931640625E-4
-9.765625E-4
-6.103515625E-5
7.9345703125E-4
7.32421875E-4
-1.52587890625E-4
-2.44140625E-4
3.0517578125E-5
5.18798828125E-4
5.18798828125E-4
4.57763671875E-4
6.103515625E-5
-6.103515625E-5
3.0517578125E-5
3.35693359375E-4
6.103515625E-5
-7.32421875E-4
-0.0010986328125
-4.57763671875E-4
2.74658203125E-4
2.44140625E-4
-1.8310546875E-4
-6.103515625E-5
4.8828125E-4
5.4931640625E-4
3.0517578125E-4
2.44140625E-4
6.103515625E-4
8.23974609375E-4
9.1552734375E-5
-2.74658203125E-4
-5.79833984375E-4
-9.1552734375E-5
-3.35693359375E-4
6.103515625E-5
6.103515625E-5
4.8828125E-4
2.74658203125E-4
1.52587890625E-4
1.220703125E-4
1.52587890625E-4
-1.8310546875E-4
-5.4931640625E-4
-5.18798828125E-4
-1.52587890625E-4
2.13623046875E-4
2.44140625E-4
2.74658203125E-4
5.79833984375E-4
7.62939453125E-4
8.85009765625E-4
8.23974609375E-4
7.01904296875E-4
2.44140625E-4
-9.1552734375E-5
-2.44140625E-4
6.103515625E-5
2.74658203125E-4
9.1552734375E-5
-1.8310546875E-4
-3.0517578125E-5
2.44140625E-4
2.13623046875E-4
3.0517578125E-4
5.79833984375E-4
0.001251220703125
0.001373291015625
7.32421875E-4
-6.103515625E-5
-9.1552734375E-5
3.35693359375E-4
6.7138671875E-4
4.57763671875E-4
1.52587890625E-4
6.103515625E-5
1.52587890625E-4
6.103515625E-5
-3.0517578125E-5
-2.74658203125E-4
6.103515625E-5
3.0517578125E-5
2.44140625E-4
2.13623046875E-4
1.8310546875E-4
3.35693359375E-4
6.103515625E-5
2.44140625E-4
-1.52587890625E-4
1.8310546875E-4
1.8310546875E-4
7.32421875E-4
7.9345703125E-4
9.1552734375E-4
5.79833984375E-4
3.662109375E-4
2.44140625E-4
9.1552734375E-5
2.74658203125E-4
3.662109375E-4
4.57763671875E-4
1.52587890625E-4
-3.96728515625E-4
-4.2724609375E-4
0.0
3.35693359375E-4
3.0517578125E-5
-5.4931640625E-4
-5.4931640625E-4
6.103515625E-5
3.0517578125E-4
-3.35693359375E-4
-9.765625E-4
-0.0010986328125
-4.8828125E-4
-4.57763671875E-4
-6.103515625E-4
-5.18798828125E-4
0.0
4.57763671875E-4
-6.103515625E-5
-4.2724609375E-4
-1.8310546875E-4
6.40869140625E-4
0.001129150390625
8.23974609375E-4
2.44140625E-4
-6.103515625E-5
-2.13623046875E-4
6.103515625E-5
4.57763671875E-4
9.1552734375E-4
8.544921875E-4
3.0517578125E-4
-5.4931640625E-4
-2.74658203125E-4
0.0
6.103515625E-4
4.8828125E-4
2.44140625E-4
-9.1552734375E-5
-3.0517578125E-4
-2.44140625E-4
-1.220703125E-4
1.52587890625E-4
-9.1552734375E-5
-1.52587890625E-4
-4.57763671875E-4
0.0
-1.52587890625E-4
3.0517578125E-5
-2.74658203125E-4
2.44140625E-4
3.662109375E-4
3.0517578125E-4
-1.220703125E-4
-3.0517578125E-5
3.0517578125E-4
8.23974609375E-4
4.8828125E-4
0.0
-4.8828125E-4
-3.96728515625E-4
-3.35693359375E-4
-2.44140625E-4
-2.74658203125E-4
-2.44140625E-4
-3.0517578125E-4
-1.220703125E-4
-2.13623046875E-4
6.103515625E-5
1.52587890625E-4
-1.220703125E-4
-1.8310546875E-4
-3.96728515625E-4
-9.1552734375E-5
6.103515625E-5
1.220703125E-4
-1.220703125E-4
-6.103515625E-5
-2.74658203125E-4
-3.0517578125E-5
-2.44140625E-4
0.0
0.0
9.1552734375E-5
-6.103515625E-5
-2.44140625E-4
-1.8310546875E-4
-9.1552734375E-5
2.13623046875E-4
3.0517578125E-5
1.220703125E-4
1.220703125E-4
3.0517578125E-4
3.35693359375E-4
1.220703125E-4
-3.0517578125E-5
-1.52587890625E-4
-1.220703125E-4
3.0517578125E-5
0.0
2.13623046875E-4
-6.103515625E-5
-1.220703125E-4
-2.13623046875E-4
-1.52587890625E-4
1.220703125E-4
2.13623046875E-4
2.74658203125E-4
6.103515625E-5
9.1552734375E-5
-3.0517578125E-5
0.0
9.1552734375E-5
-6.103515625E-5
6.103515625E-5
-6.103515625E-5
1.220703125E-4
-3.0517578125E-5
6.103515625E-5
-1.52587890625E-4
-3.0517578125E-5
-6.103515625E-5
3.0517578125E-5
-6.103515625E-5
9.1552734375E-5
1.220703125E-4
1.220703125E-4
0.0
-1.8310546875E-4
-1.220703125E-4
0.0
3.0517578125E-5
1.52587890625E-4
2.74658203125E-4
2.74658203125E-4
2.44140625E-4
-1.220703125E-4
-3.0517578125E-5
-1.220703125E-4
3.0517578125E-5
3.0517578125E-5
9.1552734375E-5
3.0517578125E-4
2.74658203125E-4
-9.1552734375E-5
-2.44140625E-4
-2.44140625E-4
1.52587890625E-4
1.8310546875E-4
9.1552734375E-5
-1.8310546875E-4
0.0
3.0517578125E-5
1.52587890625E-4
-9.1552734375E-5
-3.0517578125E-5
0.0
3.0517578125E-5
1.52587890625E-4
3.0517578125E-5
1.8310546875E-4
6.103515625E-5
-6.103515625E-5
0.0
-9.1552734375E-5
1.220703125E-4
0.0
3.0517578125E-5
-3.0517578125E-5
-3.0517578125E-5
-3.0517578125E-5
-2.13623046875E-4
0.0
-1.220703125E-4
6.103515625E-5
0.0
-6.103515625E-5
-3.0517578125E-5
3.0517578125E-5
-3.0517578125E-5
1.220703125E-4
-9.1552734375E-5
9.1552734375E-5
-3.0517578125E-5
-3.0517578125E-5
6.103515625E-5
-9.1552734375E-5
9.1552734375E-5
-9.1552734375E-5
-3.0517578125E-5
3.0517578125E-5
-3.0517578125E-5
6.103515625E-5
-6.103515625E-5
0.0
6.103515625E-5
-3.0517578125E-5
9.1552734375E-5
-9.1552734375E-5
1.220703125E-4
3.0517578125E-5
1.220703125E-4
6.103515625E-5
3.0517578125E-5
0.0
1.220703125E-4
-3.0517578125E-5
1.220703125E-4
-3.0517578125E-5
9.1552734375E-5
0.0
3.0517578125E-5
-3.0517578125E-5
6.103515625E-5
1.220703125E-4
0.0
6.103515625E-5
0.0
3.0517578125E-5
2.13623046875E-4
-3.0517578125E-5
9.1552734375E-5
0.0
0.0
6.103515625E-5
-9.1552734375E-5
9.1552734375E-5
-9.1552734375E-5
9.1552734375E-5
-3.0517578125E-5
-3.0517578125E-5
3.0517578125E-5
0.0
0.0
0.0
0.0
-3.0517578125E-5
9.1552734375E-5
-6.103515625E-5
9.1552734375E-5
-6.103515625E-5
3.0517578125E-5
3.0517578125E-5
3.0517578125E-5
0.0
0.0
-3.0517578125E-5
3.0517578125E-5
-3.0517578125E-5
6.103515625E-5
-9.1552734375E-5
9.1552734375E-5
-6.103515625E-5
3.0517578125E-5
0.0
-6.103515625E-5
9.1552734375E-5
-9.1552734375E-5
9.1552734375E-5
-6.103515625E-5
0.0
3.0517578125E-5
-3.0517578125E-5
0.0
6.103515625E-5
-6.103515625E-5
9.1552734375E-5
-3.0517578125E-5
3.0517578125E-5
0.0
3.0517578125E-5
0.0
6.103515625E-5
-3.0517578125E-5
6.103515625E-5
-6.103515625E-5
6.103515625E-5
0.0
-3.0517578125E-5
3.0517578125E-5
-3.0517578125E-5
0.0
3.0517578125E-5
-3.0517578125E-5
3.0517578125E-5
-3.0517578125E-5
0.0
3.0517578125E-5
-3.0517578125E-5
3.0517578125E-5
-3.0517578125E-5
0.0
3.0517578125E-5
-3.0517578125E-5
0.0
3.0517578125E-5
-6.103515625E-5
6.103515625E-5
-3.0517578125E-5
0.0
0.0
0.0
0.0
0.0
3.0517578125E-5
-9.1552734375E-5
9.1552734375E-5
-3.0517578125E-5
3.0517578125E-5
6.103515625E-5
-6.103515625E-5
9.1552734375E-5
-3.0517578125E-5
3.0517578125E-5
3.0517578125E-5
-3.0517578125E-5
9.1552734375E-5
-6.103515625E-5
9.1552734375E-5
-9.1552734375E-5
1.220703125E-4
-6.103515625E-5
6.103515625E-5
-6.103515625E-5
6.103515625E-5
-3.0517578125E-5
0.0
0.0
0.0
3.0517578125E-5
0.0
-6.103515625E-5
3.0517578125E-5
3.0517578125E-5
3.0517578125E-5
3.0517578125E-5
-3.0517578125E-5
0.0
0.0
3.0517578125E-5
-3.0517578125E-5
0.0
3.0517578125E-5
-6.103515625E-5
6.103515625E-5
-3.0517578125E-5
0.0
3.0517578125E-5
3.0517578125E-5
-3.0517578125E-5
9.1552734375E-5
-9.1552734375E-5
9.1552734375E-5
-9.1552734375E-5
9.1552734375E-5
-9.1552734375E-5
9.1552734375E-5
-6.103515625E-5
3.0517578125E-5
0.0
-3.0517578125E-5
6.103515625E-5
-9.1552734375E-5
1.220703125E-4
-1.220703125E-4
9.1552734375E-5
-3.0517578125E-5
-3.0517578125E-5
3.0517578125E-5
-3.0517578125E-5
6.103515625E-5
-6.103515625E-5
6.103515625E-5
-6.103515625E-5
3.0517578125E-5
0.0
0.0
0.0
0.0
0.0
0.0
0.0
0.0
0.0
-3.0517578125E-5
6.103515625E-5
-6.103515625E-5
3.0517578125E-5
0.0
0.0
0.0
-3.0517578125E-5
6.103515625E-5
-6.103515625E-5
3.0517578125E-5
0.0
-3.0517578125E-5
3.0517578125E-5
3.0517578125E-5
-6.103515625E-5
3.0517578125E-5
0.0
-3.0517578125E-5
6.103515625E-5
-3.0517578125E-5
0.0
0.0
0.0
3.0517578125E-5
-3.0517578125E-5
0.0
0.0
0.0
3.0517578125E-5
-3.0517578125E-5
0.0
-3.0517578125E-5
9.1552734375E-5
-3.0517578125E-5
3.0517578125E-5
3.0517578125E-5
-6.103515625E-5
1.220703125E-4
-3.0517578125E-5
0.0
3.0517578125E-5
-6.103515625E-5
6.103515625E-5
-3.0517578125E-5
3.0517578125E-5
-6.103515625E-5
6.103515625E-5
-3.0517578125E-5
0.0
6.103515625E-5
-9.1552734375E-5
1.220703125E-4
-6.103515625E-5
9.1552734375E-5
-9.1552734375E-5
9.1552734375E-5
-1.220703125E-4
1.220703125E-4
-6.103515625E-5
3.0517578125E-5
-3.0517578125E-5
0.0
0.0
6.103515625E-5
-6.103515625E-5
3.0517578125E-5
0.0
-3.0517578125E-5
6.103515625E-5
-6.103515625E-5
3.0517578125E-5
0.0
3.0517578125E-5
-6.103515625E-5
6.103515625E-5
-6.103515625E-5
6.103515625E-5
0.0
-3.0517578125E-5
3.0517578125E-5
-3.0517578125E-5
3.0517578125E-5
-3.0517578125E-5
3.0517578125E-5
0.0
6.103515625E-5
-3.0517578125E-5
3.0517578125E-5
0.0
-3.0517578125E-5
6.103515625E-5
-6.103515625E-5
3.0517578125E-5
3.0517578125E-5
-9.1552734375E-5
1.220703125E-4
-1.220703125E-4
9.1552734375E-5
-3.0517578125E-5
0.0
0.0
0.0
0.0
0.0
3.0517578125E-5
-6.103515625E-5
6.103515625E-5
-6.103515625E-5
9.1552734375E-5
-1.220703125E-4
1.220703125E-4
-1.220703125E-4
1.220703125E-4
-1.220703125E-4
1.220703125E-4
-1.220703125E-4
9.1552734375E-5
-6.103515625E-5
3.0517578125E-5
0.0
0.0
-3.0517578125E-5
6.103515625E-5
-6.103515625E-5
6.103515625E-5
-6.103515625E-5
6.103515625E-5
-3.0517578125E-5
0.0
3.0517578125E-5
-6.103515625E-5
6.103515625E-5
-3.0517578125E-5
0.0
3.0517578125E-5
0.0
6.103515625E-5
-3.0517578125E-5
0.0
0.0
0.0
3.0517578125E-5
-6.103515625E-5
6.103515625E-5
-3.0517578125E-5
6.103515625E-5
0.0
0.0
3.0517578125E-5
-3.0517578125E-5
3.0517578125E-5
-6.103515625E-5
6.103515625E-5
0.0
-6.103515625E-5
1.220703125E-4
-1.52587890625E-4
1.220703125E-4
-6.103515625E-5
3.0517578125E-5
0.0
-3.0517578125E-5
3.0517578125E-5
-3.0517578125E-5
6.103515625E-5
-9.1552734375E-5
9.1552734375E-5
-3.0517578125E-5
6.103515625E-5
0.0
0.0
0.0
6.103515625E-5
0.0
-3.0517578125E-5
3.0517578125E-5
-3.0517578125E-5
0.0
6.103515625E-5
-1.220703125E-4
1.52587890625E-4
-9.1552734375E-5
1.220703125E-4
-9.1552734375E-5
9.1552734375E-5
-9.1552734375E-5
6.103515625E-5
-3.0517578125E-5
0.0
0.0
6.103515625E-5
-6.103515625E-5
9.1552734375E-5
-6.103515625E-5
3.0517578125E-5
0.0
0.0
0.0
-3.0517578125E-5
6.103515625E-5
-9.1552734375E-5
9.1552734375E-5
-6.103515625E-5
6.103515625E-5
-9.1552734375E-5
1.220703125E-4
-1.52587890625E-4
1.52587890625E-4
-1.220703125E-4
6.103515625E-5
3.0517578125E-5
-3.0517578125E-5
9.1552734375E-5
-6.103515625E-5
6.103515625E-5
-6.103515625E-5
6.103515625E-5
-3.0517578125E-5
0.0
0.0
0.0
0.0
3.0517578125E-5
-6.103515625E-5
6.103515625E-5
-6.103515625E-5
6.103515625E-5
-6.103515625E-5
3.0517578125E-5
3.0517578125E-5
-6.103515625E-5
6.103515625E-5
-6.103515625E-5
3.0517578125E-5
0.0
0.0
-3.0517578125E-5
3.0517578125E-5
0.0
-3.0517578125E-5
3.0517578125E-5
-6.103515625E-5
9.1552734375E-5
-3.0517578125E-5
9.1552734375E-5
-6.103515625E-5
0.0
3.0517578125E-5
-6.103515625E-5
1.220703125E-4
-1.52587890625E-4
1.220703125E-4
-9.1552734375E-5
1.220703125E-4
0.0
-6.103515625E-5
9.1552734375E-5
-6.103515625E-5
9.1552734375E-5
-3.0517578125E-5
0.0
0.0
0.0
-3.0517578125E-5
6.103515625E-5
-6.103515625E-5
3.0517578125E-5
0.0
-3.0517578125E-5
6.103515625E-5
-6.103515625E-5
3.0517578125E-5
0.0
-6.103515625E-5
1.220703125E-4
-1.220703125E-4
6.103515625E-5
0.0
0.0
6.103515625E-5
-3.0517578125E-5
3.0517578125E-5
0.0
6.103515625E-5
0.0
0.0
0.0
3.0517578125E-5
6.103515625E-5
-6.103515625E-5
6.103515625E-5
-6.103515625E-5
3.0517578125E-5
0.0
0.0
-3.0517578125E-5
6.103515625E-5
-6.103515625E-5
3.0517578125E-5
0.0
-3.0517578125E-5
3.0517578125E-5
0.0
3.0517578125E-5
6.103515625E-5
-9.1552734375E-5
9.1552734375E-5
-6.103515625E-5
3.0517578125E-5
0.0
-3.0517578125E-5
3.0517578125E-5
0.0
6.103515625E-5
-3.0517578125E-5
3.0517578125E-5
0.0
-3.0517578125E-5
3.0517578125E-5
0.0
-3.0517578125E-5
3.0517578125E-5
0.0
-3.0517578125E-5
6.103515625E-5
-9.1552734375E-5
9.1552734375E-5
-6.103515625E-5
3.0517578125E-5
0.0
-3.0517578125E-5
6.103515625E-5
-6.103515625E-5
3.0517578125E-5
-3.0517578125E-5
6.103515625E-5
-9.1552734375E-5
1.220703125E-4
-1.52587890625E-4
1.220703125E-4
-6.103515625E-5
0.0
3.0517578125E-5
-3.0517578125E-5
3.0517578125E-5
0.0
-6.103515625E-5
9.1552734375E-5
-9.1552734375E-5
9.1552734375E-5
-6.103515625E-5
6.103515625E-5
-9.1552734375E-5
9.1552734375E-5
-6.103515625E-5
0.0
6.103515625E-5
-6.103515625E-5
3.0517578125E-5
0.0
-3.0517578125E-5
3.0517578125E-5
0.0
-3.0517578125E-5
3.0517578125E-5
-3.0517578125E-5
3.0517578125E-5
-3.0517578125E-5
0.0
3.0517578125E-5
-6.103515625E-5
9.1552734375E-5
-9.1552734375E-5
3.0517578125E-5
3.0517578125E-5
-6.103515625E-5
6.103515625E-5
0.0
-6.103515625E-5
9.1552734375E-5
-9.1552734375E-5
3.0517578125E-5
3.0517578125E-5
-3.0517578125E-5
3.0517578125E-5
-3.0517578125E-5
0.0
0.0
3.0517578125E-5
-3.0517578125E-5
0.0
3.0517578125E-5
-6.103515625E-5
9.1552734375E-5
-9.1552734375E-5
6.103515625E-5
-3.0517578125E-5
3.0517578125E-5
-3.0517578125E-5
0.0
3.0517578125E-5
-3.0517578125E-5
3.0517578125E-5
0.0
-3.0517578125E-5
0.0
3.0517578125E-5
-3.0517578125E-5
3.0517578125E-5
0.0
-6.103515625E-5
9.1552734375E-5
-9.1552734375E-5
6.103515625E-5
-3.0517578125E-5
0.0
0.0
3.0517578125E-5
-6.103515625E-5
6.103515625E-5
-6.103515625E-5
3.0517578125E-5
0.0
0.0
3.0517578125E-5
-9.1552734375E-5
1.220703125E-4
-1.52587890625E-4
1.52587890625E-4
-9.1552734375E-5
3.0517578125E-5
3.0517578125E-5
-9.1552734375E-5
1.220703125E-4
-1.220703125E-4
1.220703125E-4
-9.1552734375E-5
3.0517578125E-5
3.0517578125E-5
-3.0517578125E-5
3.0517578125E-5
-6.103515625E-5
9.1552734375E-5
-1.220703125E-4
1.52587890625E-4
-1.52587890625E-4
1.220703125E-4
-9.1552734375E-5
9.1552734375E-5
-9.1552734375E-5
6.103515625E-5
-3.0517578125E-5
0.0
3.0517578125E-5
-3.0517578125E-5
0.0
0.0
3.0517578125E-5
-6.103515625E-5
6.103515625E-5
-6.103515625E-5
6.103515625E-5
-6.103515625E-5
6.103515625E-5
-9.1552734375E-5
9.1552734375E-5
-3.0517578125E-5
-3.0517578125E-5
9.1552734375E-5
-1.220703125E-4
1.220703125E-4
-9.1552734375E-5
3.0517578125E-5
0.0
3.0517578125E-5
-6.103515625E-5
9.1552734375E-5
-1.220703125E-4
6.103515625E-5
3.0517578125E-5
-9.1552734375E-5
1.52587890625E-4
-1.8310546875E-4
1.220703125E-4
-3.0517578125E-5
0.0
3.0517578125E-5
-3.0517578125E-5
0.0
0.0
0.0
0.0
3.0517578125E-5
-3.0517578125E-5
0.0
0.0
0.0
0.0
0.0
0.0
0.0
0.0
0.0
0.0
-3.0517578125E-5
6.103515625E-5
-6.103515625E-5
3.0517578125E-5
0.0
-6.103515625E-5
1.220703125E-4
-1.220703125E-4
9.1552734375E-5
-6.103515625E-5
3.0517578125E-5
-3.0517578125E-5
6.103515625E-5
-9.1552734375E-5
9.1552734375E-5
-9.1552734375E-5
9.1552734375E-5
-9.1552734375E-5
6.103515625E-5
-6.103515625E-5
3.0517578125E-5
0.0
3.0517578125E-5
-6.103515625E-5
3.0517578125E-5
-3.0517578125E-5
6.103515625E-5
-3.0517578125E-5
0.0
3.0517578125E-5
-9.1552734375E-5
1.220703125E-4
-9.1552734375E-5
3.0517578125E-5
3.0517578125E-5
-6.103515625E-5
3.0517578125E-5
0.0
-3.0517578125E-5
6.103515625E-5
-9.1552734375E-5
9.1552734375E-5
-6.103515625E-5
3.0517578125E-5
0.0
-3.0517578125E-5
3.0517578125E-5
0.0
0.0
-3.0517578125E-5
6.103515625E-5
-6.103515625E-5
3.0517578125E-5
3.0517578125E-5
-9.1552734375E-5
1.220703125E-4
-1.220703125E-4
1.220703125E-4
-1.220703125E-4
9.1552734375E-5
-6.103515625E-5
6.103515625E-5
-6.103515625E-5
6.103515625E-5
-9.1552734375E-5
1.220703125E-4
-1.220703125E-4
9.1552734375E-5
-3.0517578125E-5
0.0
0.0
3.0517578125E-5
-9.1552734375E-5
1.52587890625E-4
-1.8310546875E-4
1.8310546875E-4
-1.52587890625E-4
9.1552734375E-5
0.0
-9.1552734375E-5
1.220703125E-4
-1.220703125E-4
1.220703125E-4
-9.1552734375E-5
3.0517578125E-5
0.0
-3.0517578125E-5
9.1552734375E-5
-1.220703125E-4
9.1552734375E-5
-6.103515625E-5
6.103515625E-5
-3.0517578125E-5
0.0
0.0
0.0
3.0517578125E-5
-3.0517578125E-5
3.0517578125E-5
-6.103515625E-5
9.1552734375E-5
-9.1552734375E-5
6.103515625E-5
-3.0517578125E-5
-3.0517578125E-5
9.1552734375E-5
-9.1552734375E-5
6.103515625E-5
-6.103515625E-5
3.0517578125E-5
3.0517578125E-5
-3.0517578125E-5
3.0517578125E-5
-6.103515625E-5
6.103515625E-5
-3.0517578125E-5
0.0
3.0517578125E-5
-3.0517578125E-5
0.0
3.0517578125E-5
-6.103515625E-5
6.103515625E-5
-3.0517578125E-5
0.0
3.0517578125E-5
-3.0517578125E-5
3.0517578125E-5
-6.103515625E-5
6.103515625E-5
-6.103515625E-5
9.1552734375E-5
-9.1552734375E-5
6.103515625E-5
-3.0517578125E-5
0.0
3.0517578125E-5
-3.0517578125E-5
3.0517578125E-5
-3.0517578125E-5
3.0517578125E-5
-3.0517578125E-5
6.103515625E-5
-9.1552734375E-5
6.103515625E-5
-3.0517578125E-5
3.0517578125E-5
0.0
-3.0517578125E-5
3.0517578125E-5
-6.103515625E-5
9.1552734375E-5
-6.103515625E-5
3.0517578125E-5
3.0517578125E-5
-6.103515625E-5
3.0517578125E-5
0.0
0.0
0.0
3.0517578125E-5
-6.103515625E-5
6.103515625E-5
-3.0517578125E-5
0.0
0.0
0.0
3.0517578125E-5
-6.103515625E-5
9.1552734375E-5
-1.220703125E-4
1.220703125E-4
-9.1552734375E-5
6.103515625E-5
-6.103515625E-5
6.103515625E-5
-3.0517578125E-5
0.0
0.0
0.0
0.0
3.0517578125E-5
-6.103515625E-5
6.103515625E-5
-6.103515625E-5
6.103515625E-5
-6.103515625E-5
6.103515625E-5
-3.0517578125E-5
0.0
0.0
-3.0517578125E-5
9.1552734375E-5
-9.1552734375E-5
6.103515625E-5
-6.103515625E-5
3.0517578125E-5
3.0517578125E-5
-6.103515625E-5
6.103515625E-5
-6.103515625E-5
6.103515625E-5
-6.103515625E-5
3.0517578125E-5
0.0
-3.0517578125E-5
9.1552734375E-5
-1.220703125E-4
1.220703125E-4
-1.220703125E-4
1.220703125E-4
-9.1552734375E-5
6.103515625E-5
-3.0517578125E-5
3.0517578125E-5
0.0
-6.103515625E-5
9.1552734375E-5
-9.1552734375E-5
9.1552734375E-5
-6.103515625E-5
0.0
3.0517578125E-5
-6.103515625E-5
9.1552734375E-5
-9.1552734375E-5
6.103515625E-5
-3.0517578125E-5
-3.0517578125E-5
6.103515625E-5
-3.0517578125E-5
0.0
3.0517578125E-5
-6.103515625E-5
6.103515625E-5
-3.0517578125E-5
0.0
3.0517578125E-5
-3.0517578125E-5
0.0
6.103515625E-5
-9.1552734375E-5
9.1552734375E-5
-6.103515625E-5
3.0517578125E-5
-3.0517578125E-5
6.103515625E-5
-6.103515625E-5
6.103515625E-5
-3.0517578125E-5
-3.0517578125E-5
6.103515625E-5
-3.0517578125E-5
0.0
3.0517578125E-5
-6.103515625E-5
6.103515625E-5
0.0
-3.0517578125E-5
3.0517578125E-5
-3.0517578125E-5
0.0
6.103515625E-5
-9.1552734375E-5
9.1552734375E-5
-9.1552734375E-5
9.1552734375E-5
-6.103515625E-5
0.0
3.0517578125E-5
-3.0517578125E-5
3.0517578125E-5
-3.0517578125E-5
3.0517578125E-5
-3.0517578125E-5
3.0517578125E-5
0.0
-6.103515625E-5
9.1552734375E-5
-9.1552734375E-5
6.103515625E-5
0.0
-6.103515625E-5
9.1552734375E-5
-9.1552734375E-5
6.103515625E-5
-3.0517578125E-5
3.0517578125E-5
-6.103515625E-5
9.1552734375E-5
-1.220703125E-4
1.220703125E-4
-6.103515625E-5
0.0
3.0517578125E-5
-3.0517578125E-5
0.0
3.0517578125E-5
-3.0517578125E-5
3.0517578125E-5
-3.0517578125E-5
6.103515625E-5
-9.1552734375E-5
9.1552734375E-5
-9.1552734375E-5
6.103515625E-5
0.0
-6.103515625E-5
9.1552734375E-5
-9.1552734375E-5
6.103515625E-5
-3.0517578125E-5
-3.0517578125E-5
6.103515625E-5
-3.0517578125E-5
3.0517578125E-5
-3.0517578125E-5
0.0
0.0
0.0
3.0517578125E-5
-6.103515625E-5
9.1552734375E-5
-9.1552734375E-5
6.103515625E-5
0.0
-9.1552734375E-5
1.52587890625E-4
-1.52587890625E-4
1.52587890625E-4
-1.220703125E-4
9.1552734375E-5
-9.1552734375E-5
9.1552734375E-5
-9.1552734375E-5
6.103515625E-5
0.0
-6.103515625E-5
9.1552734375E-5
-1.220703125E-4
1.220703125E-4
-9.1552734375E-5
6.103515625E-5
-3.0517578125E-5
-3.0517578125E-5
6.103515625E-5
-3.0517578125E-5
0.0
3.0517578125E-5
-6.103515625E-5
3.0517578125E-5
3.0517578125E-5
-6.103515625E-5
6.103515625E-5
-3.0517578125E-5
-3.0517578125E-5
6.103515625E-5
-6.103515625E-5
6.103515625E-5
-6.103515625E-5
6.103515625E-5
-6.103515625E-5
3.0517578125E-5
3.0517578125E-5
-6.103515625E-5
9.1552734375E-5
-9.1552734375E-5
6.103515625E-5
-3.0517578125E-5
3.0517578125E-5
-3.0517578125E-5
6.103515625E-5
-9.1552734375E-5
9.1552734375E-5
-6.103515625E-5
0.0
6.103515625E-5
-9.1552734375E-5
9.1552734375E-5
-6.103515625E-5
0.0
6.103515625E-5
-1.220703125E-4
1.52587890625E-4
-1.220703125E-4
6.103515625E-5
0.0
-6.103515625E-5
9.1552734375E-5
-6.103515625E-5
0.0
3.0517578125E-5
-3.0517578125E-5
3.0517578125E-5
-3.0517578125E-5
0.0
3.0517578125E-5
-3.0517578125E-5
3.0517578125E-5
-6.103515625E-5
9.1552734375E-5
-1.220703125E-4
1.52587890625E-4
-1.52587890625E-4
1.220703125E-4
-9.1552734375E-5
6.103515625E-5
-3.0517578125E-5
0.0
3.0517578125E-5
-3.0517578125E-5
0.0
6.103515625E-5
-9.1552734375E-5
9.1552734375E-5
-9.1552734375E-5
6.103515625E-5
-3.0517578125E-5
6.103515625E-5
-9.1552734375E-5
9.1552734375E-5
-9.1552734375E-5
9.1552734375E-5
-6.103515625E-5
3.0517578125E-5
-3.0517578125E-5
6.103515625E-5
-6.103515625E-5
6.103515625E-5
-6.103515625E-5
3.0517578125E-5
0.0
0.0
0.0
-3.0517578125E-5
6.103515625E-5
-9.1552734375E-5
9.1552734375E-5
-3.0517578125E-5
-6.103515625E-5
1.220703125E-4
-1.52587890625E-4
1.52587890625E-4
-1.52587890625E-4
1.220703125E-4
-9.1552734375E-5
9.1552734375E-5
-9.1552734375E-5
6.103515625E-5
-3.0517578125E-5
0.0
3.0517578125E-5
-3.0517578125E-5
0.0
3.0517578125E-5
-3.0517578125E-5
0.0
6.103515625E-5
-1.220703125E-4
1.52587890625E-4
-1.52587890625E-4
1.220703125E-4
-6.103515625E-5
0.0
3.0517578125E-5
0.0
-6.103515625E-5
9.1552734375E-5
-1.220703125E-4
1.220703125E-4
-9.1552734375E-5
6.103515625E-5
-3.0517578125E-5
3.0517578125E-5
-6.103515625E-5
6.103515625E-5
-3.0517578125E-5
0.0
3.0517578125E-5
-6.103515625E-5
6.103515625E-5
-3.0517578125E-5
3.0517578125E-5
-3.0517578125E-5
0.0
3.0517578125E-5
-3.0517578125E-5
0.0
6.103515625E-5
-9.1552734375E-5
9.1552734375E-5
-6.103515625E-5
0.0
6.103515625E-5
-9.1552734375E-5
9.1552734375E-5
-9.1552734375E-5
9.1552734375E-5
-9.1552734375E-5
1.220703125E-4
-1.52587890625E-4
1.52587890625E-4
-1.220703125E-4
6.103515625E-5
-3.0517578125E-5
3.0517578125E-5
-3.0517578125E-5
3.0517578125E-5
-3.0517578125E-5
0.0
3.0517578125E-5
-6.103515625E-5
6.103515625E-5
-3.0517578125E-5
0.0
3.0517578125E-5
-6.103515625E-5
6.103515625E-5
-3.0517578125E-5
0.0
3.0517578125E-5
-6.103515625E-5
6.103515625E-5
-3.0517578125E-5
0.0
3.0517578125E-5
-6.103515625E-5
6.103515625E-5
-3.0517578125E-5
0.0
3.0517578125E-5
-6.103515625E-5
6.103515625E-5
-3.0517578125E-5
0.0
3.0517578125E-5
-6.103515625E-5
6.103515625E-5
-3.0517578125E-5
0.0
0.0
0.0
0.0
3.0517578125E-5
-6.103515625E-5
6.103515625E-5
-3.0517578125E-5
-3.0517578125E-5
9.1552734375E-5
-1.220703125E-4
1.220703125E-4
-1.220703125E-4
1.220703125E-4
-1.220703125E-4
1.220703125E-4
-1.220703125E-4
9.1552734375E-5
-6.103515625E-5
6.103515625E-5
-6.103515625E-5
6.103515625E-5
-3.0517578125E-5
-3.0517578125E-5
9.1552734375E-5
-1.220703125E-4
1.220703125E-4
-9.1552734375E-5
3.0517578125E-5
0.0
0.0
-3.0517578125E-5
3.0517578125E-5
-3.0517578125E-5
3.0517578125E-5
0.0
-6.103515625E-5
9.1552734375E-5
-9.1552734375E-5
9.1552734375E-5
-9.1552734375E-5
6.103515625E-5
-3.0517578125E-5
6.103515625E-5
-9.1552734375E-5
9.1552734375E-5
-1.220703125E-4
1.52587890625E-4
-1.220703125E-4
9.1552734375E-5
-6.103515625E-5
3.0517578125E-5
-3.0517578125E-5
3.0517578125E-5
-3.0517578125E-5
6.103515625E-5
-6.103515625E-5
3.0517578125E-5
-3.0517578125E-5
0.0
3.0517578125E-5
-3.0517578125E-5
6.103515625E-5
-9.1552734375E-5
9.1552734375E-5
-1.220703125E-4
1.52587890625E-4
-1.220703125E-4
9.1552734375E-5
-9.1552734375E-5
6.103515625E-5
-3.0517578125E-5
3.0517578125E-5
-3.0517578125E-5
3.0517578125E-5
-3.0517578125E-5
0.0
0.0
3.0517578125E-5
-3.0517578125E-5
3.0517578125E-5
-3.0517578125E-5
0.0
0.0
3.0517578125E-5
-3.0517578125E-5
3.0517578125E-5
-3.0517578125E-5
0.0
3.0517578125E-5
-6.103515625E-5
9.1552734375E-5
-6.103515625E-5
3.0517578125E-5
0.0
-6.103515625E-5
9.1552734375E-5
-6.103515625E-5
6.103515625E-5
-6.103515625E-5
3.0517578125E-5
0.0
0.0
0.0
0.0
0.0
0.0
3.0517578125E-5
-9.1552734375E-5
1.220703125E-4
-1.220703125E-4
9.1552734375E-5
-6.103515625E-5
3.0517578125E-5
-3.0517578125E-5
3.0517578125E-5
-3.0517578125E-5
0.0
3.0517578125E-5
-3.0517578125E-5
0.0
0.0
0.0
3.0517578125E-5
-3.0517578125E-5
3.0517578125E-5
-6.103515625E-5
6.103515625E-5
-3.0517578125E-5
3.0517578125E-5
0.0
-6.103515625E-5
9.1552734375E-5
-6.103515625E-5
3.0517578125E-5
0.0
-3.0517578125E-5
3.0517578125E-5
0.0
0.0
0.0
-3.0517578125E-5
6.103515625E-5
-9.1552734375E-5
9.1552734375E-5
-6.103515625E-5
3.0517578125E-5
-3.0517578125E-5
3.0517578125E-5
-3.0517578125E-5
0.0
3.0517578125E-5
-3.0517578125E-5
3.0517578125E-5
-3.0517578125E-5
3.0517578125E-5
-6.103515625E-5
9.1552734375E-5
-6.103515625E-5
3.0517578125E-5
0.0
-6.103515625E-5
9.1552734375E-5
-6.103515625E-5
3.0517578125E-5
-3.0517578125E-5
3.0517578125E-5
-3.0517578125E-5
3.0517578125E-5
-3.0517578125E-5
3.0517578125E-5
-3.0517578125E-5
3.0517578125E-5
-6.103515625E-5
9.1552734375E-5
-9.1552734375E-5
9.1552734375E-5
-9.1552734375E-5
3.0517578125E-5
3.0517578125E-5
-6.103515625E-5
9.1552734375E-5
-9.1552734375E-5
6.103515625E-5
-6.103515625E-5
6.103515625E-5
-6.103515625E-5
6.103515625E-5
-3.0517578125E-5
0.0
0.0
0.0
0.0
0.0
0.0
-3.0517578125E-5
6.103515625E-5
-6.103515625E-5
3.0517578125E-5
-3.0517578125E-5
6.103515625E-5
-6.103515625E-5
3.0517578125E-5
0.0
-3.0517578125E-5
6.103515625E-5
-6.103515625E-5
6.103515625E-5
-3.0517578125E-5
0.0
0.0
-3.0517578125E-5
9.1552734375E-5
-1.220703125E-4
1.220703125E-4
-1.220703125E-4
9.1552734375E-5
-6.103515625E-5
3.0517578125E-5
0.0
0.0
0.0
0.0
-3.0517578125E-5
6.103515625E-5
-6.103515625E-5
6.103515625E-5
-3.0517578125E-5
0.0
0.0
0.0
-3.0517578125E-5
6.103515625E-5
-6.103515625E-5
6.103515625E-5
-3.0517578125E-5
-3.0517578125E-5
3.0517578125E-5
0.0
0.0
0.0
0.0
0.0
0.0
0.0
3.0517578125E-5
-9.1552734375E-5
1.52587890625E-4
-1.8310546875E-4
1.52587890625E-4
-9.1552734375E-5
3.0517578125E-5
3.0517578125E-5
-9.1552734375E-5
1.220703125E-4
-1.220703125E-4
9.1552734375E-5
-6.103515625E-5
3.0517578125E-5
3.0517578125E-5
-6.103515625E-5
6.103515625E-5
-9.1552734375E-5
1.220703125E-4
-1.220703125E-4
1.220703125E-4
-1.220703125E-4
9.1552734375E-5
-3.0517578125E-5
-3.0517578125E-5
6.103515625E-5
-9.1552734375E-5
1.220703125E-4
-1.220703125E-4
1.220703125E-4
-1.220703125E-4
9.1552734375E-5
-3.0517578125E-5
0.0
0.0
3.0517578125E-5
-3.0517578125E-5
0.0
6.103515625E-5
-9.1552734375E-5
9.1552734375E-5
-6.103515625E-5
0.0
6.103515625E-5
-6.103515625E-5
3.0517578125E-5
-3.0517578125E-5
3.0517578125E-5
-3.0517578125E-5
3.0517578125E-5
-3.0517578125E-5
3.0517578125E-5
-3.0517578125E-5
3.0517578125E-5
-3.0517578125E-5
0.0
3.0517578125E-5
-3.0517578125E-5
3.0517578125E-5
0.0
-3.0517578125E-5
3.0517578125E-5
-3.0517578125E-5
3.0517578125E-5
0.0
0.0
0.0
0.0
0.0
3.0517578125E-5
-6.103515625E-5
6.103515625E-5
-3.0517578125E-5
0.0
3.0517578125E-5
-3.0517578125E-5
0.0
0.0
3.0517578125E-5
-6.103515625E-5
9.1552734375E-5
-1.220703125E-4
9.1552734375E-5
-3.0517578125E-5
0.0
3.0517578125E-5
-6.103515625E-5
3.0517578125E-5
3.0517578125E-5
-6.103515625E-5
6.103515625E-5
-6.103515625E-5
6.103515625E-5
-3.0517578125E-5
0.0
0.0
0.0
3.0517578125E-5
-3.0517578125E-5
0.0
3.0517578125E-5
-6.103515625E-5
6.103515625E-5
-3.0517578125E-5
0.0
3.0517578125E-5
-6.103515625E-5
6.103515625E-5
-6.103515625E-5
3.0517578125E-5
0.0
-3.0517578125E-5
9.1552734375E-5
-1.220703125E-4
9.1552734375E-5
-9.1552734375E-5
9.1552734375E-5
-6.103515625E-5
6.103515625E-5
-3.0517578125E-5
-6.103515625E-5
9.1552734375E-5
-6.103515625E-5
6.103515625E-5
-3.0517578125E-5
0.0
0.0
0.0
3.0517578125E-5
-3.0517578125E-5
3.0517578125E-5
-3.0517578125E-5
3.0517578125E-5
-3.0517578125E-5
3.0517578125E-5
-3.0517578125E-5
6.103515625E-5
-9.1552734375E-5
9.1552734375E-5
-9.1552734375E-5
9.1552734375E-5
-6.103515625E-5
6.103515625E-5
-9.1552734375E-5
9.1552734375E-5
-9.1552734375E-5
1.220703125E-4
-1.220703125E-4
1.220703125E-4
-1.220703125E-4
6.103515625E-5
3.0517578125E-5
-9.1552734375E-5
9.1552734375E-5
-6.103515625E-5
3.0517578125E-5
0.0
-3.0517578125E-5
3.0517578125E-5
-3.0517578125E-5
3.0517578125E-5
0.0
-3.0517578125E-5
3.0517578125E-5
-3.0517578125E-5
3.0517578125E-5
0.0
-3.0517578125E-5
3.0517578125E-5
-3.0517578125E-5
3.0517578125E-5
0.0
-3.0517578125E-5
3.0517578125E-5
0.0
-3.0517578125E-5
6.103515625E-5
-6.103515625E-5
6.103515625E-5
-3.0517578125E-5
0.0
0.0
3.0517578125E-5
-3.0517578125E-5
3.0517578125E-5
-3.0517578125E-5
3.0517578125E-5
-6.103515625E-5
1.220703125E-4
-1.52587890625E-4
1.52587890625E-4
-1.52587890625E-4
1.220703125E-4
-6.103515625E-5
6.103515625E-5
-9.1552734375E-5
6.103515625E-5
-3.0517578125E-5
3.0517578125E-5
-3.0517578125E-5
3.0517578125E-5
-6.103515625E-5
9.1552734375E-5
-6.103515625E-5
0.0
3.0517578125E-5
-3.0517578125E-5
3.0517578125E-5
-3.0517578125E-5
3.0517578125E-5
-3.0517578125E-5
3.0517578125E-5
-3.0517578125E-5
0.0
3.0517578125E-5
-3.0517578125E-5
0.0
0.0
0.0
3.0517578125E-5
-6.103515625E-5
3.0517578125E-5
0.0
0.0
3.0517578125E-5
-3.0517578125E-5
-3.0517578125E-5
9.1552734375E-5
-1.220703125E-4
1.52587890625E-4
-1.52587890625E-4
1.220703125E-4
-9.1552734375E-5
6.103515625E-5
-3.0517578125E-5
0.0
3.0517578125E-5
-6.103515625E-5
6.103515625E-5
-3.0517578125E-5
0.0
3.0517578125E-5
-6.103515625E-5
6.103515625E-5
-3.0517578125E-5
0.0
0.0
0.0
0.0
0.0
0.0
-3.0517578125E-5
3.0517578125E-5
0.0
0.0
0.0
0.0
-3.0517578125E-5
3.0517578125E-5
-3.0517578125E-5
6.103515625E-5
-6.103515625E-5
3.0517578125E-5
0.0
-3.0517578125E-5
6.103515625E-5
-9.1552734375E-5
1.220703125E-4
-1.220703125E-4
1.220703125E-4
-9.1552734375E-5
3.0517578125E-5
3.0517578125E-5
-6.103515625E-5
6.103515625E-5
-6.103515625E-5
6.103515625E-5
-6.103515625E-5
9.1552734375E-5
-1.220703125E-4
1.220703125E-4
-1.220703125E-4
1.220703125E-4
-6.103515625E-5
0.0
3.0517578125E-5
-6.103515625E-5
6.103515625E-5
-3.0517578125E-5
0.0
3.0517578125E-5
-6.103515625E-5
6.103515625E-5
-9.1552734375E-5
1.220703125E-4
-1.220703125E-4
1.220703125E-4
-1.220703125E-4
9.1552734375E-5
-6.103515625E-5
6.103515625E-5
-6.103515625E-5
9.1552734375E-5
-1.220703125E-4
1.220703125E-4
-1.220703125E-4
1.220703125E-4
-9.1552734375E-5
6.103515625E-5
-6.103515625E-5
6.103515625E-5
-6.103515625E-5
6.103515625E-5
-6.103515625E-5
6.103515625E-5
-3.0517578125E-5
-3.0517578125E-5
6.103515625E-5
-6.103515625E-5
6.103515625E-5
-3.0517578125E-5
0.0
-3.0517578125E-5
6.103515625E-5
-9.1552734375E-5
1.220703125E-4
-1.220703125E-4
9.1552734375E-5
-6.103515625E-5
0.0
6.103515625E-5
-9.1552734375E-5
9.1552734375E-5
-9.1552734375E-5
9.1552734375E-5
-9.1552734375E-5
1.220703125E-4
-1.52587890625E-4
1.52587890625E-4
-1.52587890625E-4
1.220703125E-4
-6.103515625E-5
3.0517578125E-5
-3.0517578125E-5
3.0517578125E-5
-3.0517578125E-5
3.0517578125E-5
-3.0517578125E-5
3.0517578125E-5
-3.0517578125E-5
3.0517578125E-5
-3.0517578125E-5
0.0
3.0517578125E-5
0.0
-6.103515625E-5
9.1552734375E-5
-1.220703125E-4
1.52587890625E-4
-1.220703125E-4
9.1552734375E-5
-9.1552734375E-5
6.103515625E-5
-3.0517578125E-5
3.0517578125E-5
-3.0517578125E-5
3.0517578125E-5
-3.0517578125E-5
3.0517578125E-5
-3.0517578125E-5
3.0517578125E-5
-3.0517578125E-5
3.0517578125E-5
-3.0517578125E-5
3.0517578125E-5
-3.0517578125E-5
3.0517578125E-5
-3.0517578125E-5
3.0517578125E-5
-6.103515625E-5
9.1552734375E-5
-1.220703125E-4
1.52587890625E-4
-1.52587890625E-4
1.52587890625E-4
-1.52587890625E-4
1.220703125E-4
-9.1552734375E-5
9.1552734375E-5
-6.103515625E-5
3.0517578125E-5
0.0
-6.103515625E-5
9.1552734375E-5
-6.103515625E-5
0.0
6.103515625E-5
-9.1552734375E-5
9.1552734375E-5
-6.103515625E-5
3.0517578125E-5
-3.0517578125E-5
3.0517578125E-5
0.0
0.0
-3.0517578125E-5
3.0517578125E-5
-3.0517578125E-5
3.0517578125E-5
0.0
-3.0517578125E-5
3.0517578125E-5
-3.0517578125E-5
6.103515625E-5
-9.1552734375E-5
9.1552734375E-5
-9.1552734375E-5
6.103515625E-5
3.0517578125E-5
-9.1552734375E-5
9.1552734375E-5
-9.1552734375E-5
9.1552734375E-5
-6.103515625E-5
3.0517578125E-5
-3.0517578125E-5
3.0517578125E-5
-3.0517578125E-5
6.103515625E-5
-9.1552734375E-5
6.103515625E-5
-3.0517578125E-5
0.0
6.103515625E-5
-9.1552734375E-5
6.103515625E-5
-3.0517578125E-5
3.0517578125E-5
-3.0517578125E-5
3.0517578125E-5
-6.103515625E-5
6.103515625E-5
0.0
-3.0517578125E-5
0.0
3.0517578125E-5
-6.103515625E-5
6.103515625E-5
0.0
-6.103515625E-5
6.103515625E-5
-3.0517578125E-5
0.0
3.0517578125E-5
-3.0517578125E-5
0.0
0.0
0.0
3.0517578125E-5
-6.103515625E-5
6.103515625E-5
-3.0517578125E-5
0.0
3.0517578125E-5
-6.103515625E-5
9.1552734375E-5
-9.1552734375E-5
6.103515625E-5
0.0
-3.0517578125E-5
3.0517578125E-5
0.0
-6.103515625E-5
9.1552734375E-5
-6.103515625E-5
3.0517578125E-5
0.0
0.0
-3.0517578125E-5
3.0517578125E-5
-3.0517578125E-5
6.103515625E-5
-9.1552734375E-5
9.1552734375E-5
-6.103515625E-5
3.0517578125E-5
-3.0517578125E-5
3.0517578125E-5
-3.0517578125E-5
3.0517578125E-5
0.0
-3.0517578125E-5
6.103515625E-5
-6.103515625E-5
0.0
3.0517578125E-5
-3.0517578125E-5
3.0517578125E-5
0.0
-3.0517578125E-5
0.0
3.0517578125E-5
-3.0517578125E-5
0.0
3.0517578125E-5
-3.0517578125E-5
0.0
3.0517578125E-5
-6.103515625E-5
6.103515625E-5
-6.103515625E-5
9.1552734375E-5
-1.220703125E-4
1.220703125E-4
-1.220703125E-4
9.1552734375E-5
-3.0517578125E-5
0.0
0.0
-3.0517578125E-5
6.103515625E-5
-6.103515625E-5
6.103515625E-5
-3.0517578125E-5
-6.103515625E-5
1.52587890625E-4
-1.8310546875E-4
1.8310546875E-4
-1.52587890625E-4
9.1552734375E-5
-6.103515625E-5
6.103515625E-5
-6.103515625E-5
6.103515625E-5
-6.103515625E-5
3.0517578125E-5
-3.0517578125E-5
6.103515625E-5
-6.103515625E-5
