226.19460668850266, 216.5872394537356
173.04766452508747, 191.73593647869774
248.26412261775084, 203.49459300265738
201.32851158791587, 159.89837906742324
224.10251246624375, 207.9371961019522
247.7975120338431, 274.36696083214156
233.66688529001502, 200.99937402361937
204.48913271260727, 296.643774023246
187.21873187987202, 169.10626899063317
189.09290892196393, 202.1315276078755
149.45200703102356, 223.5232784469656
211.48330948383023, 187.31364884425227
226.70287401399577, 269.08722709031633
157.81029780651835, 256.2318267327541
200.73237714639606, 229.01516233916382
209.59802155815558, 144.0714422086893
242.03056614860776, 107.34325509834818
167.58793292682898, 245.8637258200871
212.85633083210828, 256.47001709333557
212.31320472798527, 178.1011705022159
245.62668087728895, 131.57369754692365
171.5790124989615, 200.07310542761877
196.3492850854915, 211.63222405435468
208.33902511519358, 165.31248968567823
186.07396806588451, 215.12798029208005
197.56106822760358, 187.26870506722113
254.02213220236166, 180.48578380119767
218.8796159038083, 168.48117271506447
206.88319215360463, 151.0623500979579
176.47302088969113, 135.06848738975162
197.31727691804895, 223.65546294860857
158.78223577000512, 234.2374131306611
198.18257236018368, 197.76414132083184
249.47736984891458, 173.36391445454402
155.15865159600847, 168.07875543257467
170.8515247316781, 283.8266908119996
197.6698055489035, 160.33514801744337
240.80755976731243, 86.62114153618406
149.92701959996404, 258.61797207494993
189.40392696077222, 209.53551501148704
176.73976527208933, 197.14284199472354
217.85084074556133, 214.34214304843997
180.44574233116916, 292.2727346054829
216.323972208832, 170.72626016973368
223.40180359919472, 208.16792196349115
188.08759692404854, 198.40940841688428
231.5760391640566, 166.88739462526507
206.1647723794182, 154.50965278238388
159.38088886583944, 192.60596350490425
198.63464042010796, 153.8304140868603
175.0698389925046, 195.91418485449552
219.69711120038656, 198.86051222591405
208.13255836989765, 151.98456788556834
225.29925971611658, 190.7835364854601
246.15438386473502, 133.7001586548465
208.95763636152856, 165.4334485289048
189.67769882299405, 176.6785859019782
172.4284528402794, 243.6485060043005
210.83733899192944, 243.19171415152377
209.17491072818544, 226.82515597179102
231.05516275288448, 213.48465355251415
199.1594097145129, 242.85762673640875
216.24462280164647, 239.29012497783327
213.08134633796107, 154.75799932477761
188.75428447242294, 138.18947529587143
206.00748953627894, 253.22221268719306
193.15143576065685, 177.46274009429965
230.76464188645372, 214.37198179309647
213.40221839733243, 177.6017253026235
189.85725449599818, 255.38492023552192
185.29256394668244, 162.7257966258469
183.71930354942518, 182.28311171043651
202.506066211861, 202.79712659976565
228.908463239995, 227.9257259151532
209.38541796439586, 230.1696808563131
169.9824620681954, 217.40379835246168
170.99221592723038, 216.9728709750974
186.3812680029169, 227.65367770090933
149.01636522358677, 223.90102773590363
237.67849070364366, 244.26893119723997
198.9755416361735, 232.59719996933885
214.7751353757284, 154.49740748220123
174.73909390459465, 165.5724015690535
179.32141461992003, 166.08163567864818
221.2137322873117, 193.1775201628523
204.78362177426195, 234.3371062604293
222.2592771707886, 216.67965021156436
175.02946691052355, 195.48476354955594
220.79788368667397, 221.70633964095217
246.02359953075182, 194.71271154914763
178.32320805521894, 191.7673271397108
221.93485595899296, 187.9901242288352
228.4475553141491, 199.59062758656472
222.5572194266746, 271.70819321710576
186.78988752500968, 182.58911064759923
221.99654468251802, 205.07099516491073
187.70106978159666, 162.39469935847407
252.95593887842168, 191.94326508692734
209.24400230255685, 259.8069209542181
173.7795751370487, 234.32319397127668
204.535426352369, 108.13182545362105
207.87558544412065, 243.10882829588584
149.0646913205615, 283.76587329861684
189.91032754904631, 70.70407703499768
222.2952911316978, 130.66492965927785
208.7719708295161, 216.27635602284784
220.95390600185686, 206.71556247675875
164.9261969907712, 207.39053206124038
215.3611357012079, 281.9168729219691
199.92654007061557, 202.36987851908313
196.4794218698246, 253.96417010328295
192.94961110037318, 229.69261550525414
201.49156515111738, 194.53760915224643
201.8186167427928, 220.4972123330457
193.82572432287623, 181.1488747431362
204.16437387074288, 171.49710422588385
186.7409483400992, 211.87280668316265
183.47147129598193, 177.18250105944134
194.0716133611749, 175.38034476034667
213.02317970061506, 181.71356624711845
187.96700869998034, 245.45969323933824
187.87460943556889, 195.99139865946364
182.0282517681954, 154.25690417619967
207.3147912770196, 211.02054277835802
223.5944358010725, 253.99468321838359
201.50161422596304, 255.46534858541722
219.70008552750448, 215.01583992662538
253.40113659517016, 210.84498957551645
160.20567223757772, 225.71520131317135
213.23828835875534, 219.5544614215579
235.74659789363497, 244.3328491342294
177.89391961274893, 258.96415066033364
243.12273551192868, 207.73669309876473
185.76922622451198, 249.63546898909834
149.84053744019297, 180.92939213378946
165.80645268911712, 223.66524467390278
182.9498396530411, 171.2300406097964
231.66005656057317, 190.25810126870647
219.885475470742, 257.31070782989417
202.41890929842947, 262.7802920994826
135.9229746862071, 174.42292623214206
189.87742609137484, 175.5427581968944
178.76000713919782, 167.23404752958427
168.2342944422045, 183.56060877078187
208.31850522262997, 201.5064803610209
186.71998036538423, 212.61716152954574
181.6954868769378, 232.4200581668042
169.62127335484934, 185.52946031085966
211.62125344622856, 134.7127968911618
231.5764741737607, 191.253098954243
233.3580482019496, 260.0123441376487
192.92842874304287, 242.8637448286355
232.96544959840736, 234.45625657251753
169.52091199980973, 226.06916697396065
223.6176388889698, 159.42843303080738
205.17330212382998, 207.39265621841648
181.68411291610565, 180.23969850790024
160.65282340943315, 193.47906790087714
221.40909717182257, 194.65721681477882
223.0445409155001, 154.39676718446805
257.7049405281841, 269.73214049580724
173.37360160499838, 201.56185910012533
159.77680291946342, 206.98315392247198
233.90653194033618, 132.326554744492
190.78091318045912, 234.3413155748584
199.35479721015156, 192.27418128827014
194.49631088749572, 180.9312827048796
235.70519535944817, 213.04261062119215
207.41918585525113, 182.65634965595123
173.1836279720167, 243.34353740587153
202.47318900850496, 255.42352755266938
206.32809780490257, 242.93012922578222
207.75076487915476, 194.47643176104316
208.74735915579177, 195.6049585880449
217.46787032329814, 249.1241719397138
184.3354191853091, 229.95433154305763
191.75954530346593, 253.84302917998605
209.32912632560505, 171.3931687804879
241.27915077333998, 201.56300167184233
221.1916369237776, 195.84170235463668
182.3231358522805, 180.81256889201555
207.32514646639427, 134.03985586417468
197.8236480921348, 238.69129820924437
194.13419929467827, 296.37264937334453
182.18747624499971, 94.88525566303066
201.95851744382867, 174.36233017437186
177.3710778804605, 188.21472945850223
166.28344423744417, 185.21340215706778
206.2422975920662, 259.1541908292654
208.35403346388307, 196.80228341518807
164.91709741038812, 202.19954110165452
204.910263913733, 184.29092663254644
197.9016290584314, 167.18244068289826
214.17262663633687, 168.1983080444336
173.2037598558936, 189.3915270442755
186.86752392089707, 196.0923879943714
187.62896591765485, 205.05971751027207
220.3371784066796, 168.6789092464284
256.6819235026528, 195.6625403048984
160.06281088807705, 115.72788132709427
209.38030479619596, 265.6067168929269
224.96060010250812, 157.92193462141563
223.53541752667164, 224.93411714213133
172.31760202553895, 208.86373446218462
205.45717556116077, 153.85845824925315
204.8268650951445, 141.35326002197928
187.54182180620137, 235.79038379796006
210.354332354912, 160.45269446148774
227.73324371235753, 182.93707785565047
202.3678561247606, 218.6200960794306
178.3186934398049, 245.73245833738648
202.35084008009275, 251.45782768311497
227.97490024737107, 266.0684982525854
141.04210271894235, 168.78642201876735
200.50819232131178, 194.041817795978
248.41050017149217, 227.85285555320183
191.67755972243137, 150.70227229333892
167.19539912231272, 228.59565574927535
163.5854728583358, 248.11060887010285
209.17643811937077, 245.93733213231985
192.86032027846807, 235.9134199783788
209.4455695923947, 235.8837694142456
220.4170845542488, 255.88791671304924
184.9208366434766, 201.79490283977256
182.03293875815598, 207.24200479956903
194.18910728177616, 176.3590374953406
194.90936352059734, 160.6619927723898
218.8244235192149, 169.3730889117001
194.353231122807, 200.98123397605931
207.85724655005603, 170.7904478334159
180.92007058413833, 181.15997132635704
184.2657247248094, 221.85086403211255
211.2030982946501, 177.0547798908814
235.39580907576985, 236.89449404238337
222.25485497969487, 286.7758624705058
212.89030151735642, 156.04216051754779
223.48693501157692, 217.47195745168295
205.9257897507376, 204.70553698817906
191.65066904354677, 226.30224575127286
238.03149924768329, 284.3444816634834
175.06531273247901, 161.8411117273823
216.2479353926636, 200.0296833653883
253.89990681758698, 183.5478789815703
207.3979353666814, 258.30632290867754
234.58592467014728, 302.7262292785442
216.3066265346607, 227.7369810644695
187.52520145096096, 160.89910757228608
171.30862601889024, 224.97039690875545
192.16500758466287, 144.4544875822915
204.95792907062133, 279.22019136782734
197.32909268470448, 205.34040093382947
217.78292326569715, 205.61005895432058
175.20509587040374, 242.4231019410015
192.4072969201511, 212.57276748478023
236.07976884096678, 170.9889529203702
167.49919154413917, 186.76197371957582
213.48131610598853, 172.58819815035378
239.20318151239053, 163.3656846537545
162.94771416950488, 88.58040526081844
174.48867878283528, 195.84667121595103
205.60839252289963, 134.76125950588926
209.94673074146343, 201.52823256401365
174.6188726631291, 217.6242242005704
213.39915524024738, 305.2715261647374
230.58267443836274, 186.21174345639068
141.5562392296435, 221.39114974054834
191.4761706024211, 198.0420075770243
190.73805448292921, 205.3205756277467
219.61453112487158, 279.65148688577796
191.01054151618445, 196.05239324761683
169.49658452323052, 168.67086657885088
204.3412519182858, 218.0034942027982
210.04605048086378, 275.1825211094631
215.6613262270197, 195.9041819395495
202.12042969603579, 119.25938754635158
183.8840365081628, 209.59023952437983
199.5768654252549, 180.37317428819998
233.57397109638964, 177.9322839112396
225.7338551580783, 213.12765161419227
211.25269837144015, 142.44261085344374
242.54429574835285, 151.12279218032694
190.7842514285217, 177.3136163660563
219.90576998389147, 198.18348053608415
187.59885979343113, 195.356204647513
150.8522070317963, 146.06915434814945
190.61814424411227, 258.57796267377864
190.23380144623212, 137.17657887587885
236.44559132440997, 253.14643237242183
193.2246661607384, 198.41996191267287
200.423433411584, 212.33448208860264
176.73769288571253, 116.25893990168046
208.31359771067437, 184.4074741889964
178.94980158788337, 239.42030771109683
190.87001812007503, 148.72916024031127
179.0016764420621, 163.72044063733756
223.16285181963687, 162.46071857565383
206.97627659781995, 190.0940252434336
242.90262086379235, 253.44897173006456
261.760049895196, 189.05307508584653
217.8605170689156, 205.1748123883347
184.94992996398713, 224.12835797092333
183.39978817800653, 170.898170915499
189.86824661712112, 169.27250389119348
204.90223426854934, 224.863556722554
202.2280390421111, 106.78882830985535
196.33272611038782, 206.24990532393173
187.89759451439548, 232.12206863078137
177.92888229023944, 213.98540349924082
191.1285557414735, 223.85606888949025
151.78254090079648, 132.9747265879433
184.65263667184922, 156.30389606254337
198.08904141040995, 166.23362255370117
226.9286467574314, 192.76221943605674
140.03940354523644, 185.742454568206
193.58313647661913, 216.8085319942841
210.29024522389665, 221.32154567724376
224.5229651320921, 240.84263675382613
209.70464952910234, 202.4365801794223
188.21453685601992, 221.34568565362403
177.5142586524685, 161.69983301707578
190.04621213053187, 202.18161614261282
195.92406507828323, 264.73754675657756
231.54195302840574, 161.61360799823942
201.06548861430826, 220.40979842759856
197.3275745706291, 240.43706204470712
214.16646471342577, 131.85334833888555
186.48371069949337, 261.62268374669543
221.7722228432216, 193.39810309535036
202.1257183443312, 144.90544090965415
208.0686317863295, 276.19113783468333
173.66264006428537, 194.15905901388209
201.80526071255963, 262.1162722686021
227.30269177532938, 187.08986538653153
218.07169966232686, 171.99342668857605
208.1201273185383, 217.5848215764278
223.88229632477515, 161.9722528239285
195.3123506466131, 253.86713536865471
201.04503101182368, 231.37725413813072
164.51295183079003, 164.4018257093918
226.7558615996021, 170.66355615465352
211.29072607235545, 206.26890678827752
169.7303226790927, 141.42624779134752
190.40477317013145, 237.42050307777598
230.74441581148787, 185.11539418855688
173.150827623976, 262.2066835325683
258.32725529768913, 217.70087034146576
216.1664857972396, 254.78554776663705
175.5622288068228, 196.11762795288624
216.8848671468899, 158.71332969619849
197.40938137317661, 185.8682803033078
206.90798769540967, 201.64064860525184
199.8328014820422, 152.45761444183051
186.4342054477899, 208.53120486157917
168.48515698675604, 134.53305719263523
174.2224026014508, 182.33285861418932
212.12196493772163, 234.25643336288732
166.62875632842253, 152.41501586390643
193.4732443224012, 207.9319868645781
235.6217549200362, 230.8254536089323
217.86149055358834, 189.5899883528519
197.0813151064201, 190.41595948294466
221.10438215167557, 174.801645697082
182.77768592814223, 213.61186063459425
181.2546948424963, 215.8425620583268
206.45077279169982, 178.42614917651366
196.95310787443736, 229.6268727224163
209.11767076481183, 149.83396763250065
169.8107125209416, 202.5646321284228
243.12713934196907, 289.9183122659906
149.13608486967289, 294.65410605080405
205.05017081974736, 228.22522362568563
134.718002302853, 282.59583599752546
217.87460472428853, 251.16645400671496
212.33451850264697, 207.8719142816558
173.8345900852529, 182.6588294651924
264.59137719820393, 219.15871336723012
201.4256116931936, 234.33724863243717
197.65060478313552, 295.46565747689385
214.03107214219384, 265.2542482805637
218.12946277414704, 183.1352060543315
196.075719794964, 249.24240631249285
163.8268723438332, 176.53045288971816
211.32231810142198, 221.41062727372378
189.1940467300579, 244.62536742826782
241.25950182763947, 195.56569651885204
210.84423093101555, 149.02761425980583
152.2305597779711, 250.7470233495729
141.85663969238797, 94.93490605617373
186.41477309680278, 203.69777146304517
195.83776520022616, 211.2218710365901
187.4500258515534, 247.7872863206417
215.03219917196296, 193.16512640174525
216.81380306230292, 74.95762884459558
175.74585893302628, 243.56866157345655
217.11751586203323, 150.39791778996266
193.18853724076837, 132.8576399524227
220.1620076975358, 281.5612911584835
185.6350881310939, 291.6347613195001
189.71613004882292, 173.08643221260482
203.8706222094547, 251.3162084703177
196.35349616580092, 193.42438109600204
184.89261256788294, 217.66069651648215
188.5391000735573, 250.21515581811002
164.2830515680452, 248.68470443678697
177.29182741141884, 176.94590525288487
167.85902515232058, 169.49956352272002
211.95275242021378, 213.30490670803792
172.38001115304453, 235.03850541160324
212.75473736442936, 218.7058020101339
157.58471475535504, 171.0705758847737
209.4850903265662, 203.83461378670737
204.6840504025517, 251.63859964566242
208.65447958629093, 225.04320444465026
210.8430846866318, 267.67421143600114
178.62554790327684, 289.121248036938
214.04942709099416, 195.64485151091176
206.07336812353876, 163.26739725678664
230.51409206248852, 309.10102748831105
206.42749725901857, 252.20273179560252
174.1373948654256, 190.4093337186788
175.40432800493838, 202.88363779119547
187.85848139236947, 184.40686924376243
159.44914491615486, 204.646194714468
168.5358516967689, 227.09845119403548
207.7705125634182, 179.84045210832295
162.35541173609937, 217.37820129506275
211.90967661243633, 176.63514927166028
159.95821819978568, 182.6576926142011
217.73820254474293, 250.00422839815332
215.98640419015206, 240.8028513856147
227.29679020381374, 223.32823171801317
216.53420275374674, 175.58603948703893
205.46764656218934, 122.19458058534127
193.8482570775028, 240.81200274396195
191.55930862699518, 214.47055526398995
200.98789410826788, 286.76032633561067
249.1953815367495, 229.68519565052375
176.3095071598951, 219.21179073581098
208.7672287258311, 153.554855177829
203.8791193492054, 246.5573786331269
215.0553229706146, 185.21079380974712
191.6076009024232, 198.07619371805788
231.23499976381544, 204.82498811427655
165.95372500051099, 223.90932900706392
205.22928507537407, 222.07627620638453
211.0995092937517, 230.33658123427185
208.46770053453525, 177.93931062145325
197.3433291404305, 162.34316616132242
216.84521116098185, 191.16404577402068
250.1244191257667, 196.34187716669027
201.5377491705332, 201.93565622121662
221.39092017777108, 196.68796456570098
193.54476054541058, 200.66136762182072
175.46769581837617, 215.9521498771774
226.79259585757282, 173.0908185607275
203.42856222895782, 200.86478291134256
212.47588038551845, 161.34909045372677
247.7651730905517, 239.57039121805377
207.40847438339566, 227.04020225719447
169.75273233521398, 214.86171361632435
197.25402379150128, 178.96960818618658
228.9170527391414, 151.1921290398263
200.26780935342782, 173.40505052446952
217.31297818689433, 169.0074517683493
198.18871333099898, 116.48702167019373
215.34747585286405, 178.78639942504725
214.27938984757657, 183.81871911590136
253.68048384985806, 222.42278141806761
189.05478208773388, 149.42247054804605
224.08282694853082, 246.9375259144302
195.25280438537996, 209.06993281033206
207.18618547999614, 143.30321242601366
221.18804211066646, 235.68570660699697
137.37710779400837, 228.0761939398337
201.8570372931265, 152.50728713305068
211.23989363392946, 137.24524043612087
219.51745233844835, 239.70025236073462
217.87507744555117, 210.82123814009518
208.84294967307068, 252.51019872989716
213.60782316502588, 164.68832538498054
220.84446909597955, 206.81766138734224
188.52526622728286, 190.91655527009797
197.1015599253285, 235.42248783010479
169.11286693883207, 222.41762764443095
193.06159624414056, 217.22654541583975
176.27451919986902, 193.2737891033283
201.13205055393297, 214.31707673140505
200.30923133414896, 182.89125756017037
192.1312690396596, 142.63336927612863
198.2681171574915, 235.80835840216614
224.37478450500234, 306.1600230379302
180.40379325575307, 232.64217534468077
180.44580042623625, 237.3146593778233
216.55175806296415, 235.38641896739705
197.54587690566981, 204.95233394504996
186.9315438822473, 183.46479740892286
230.10206422199587, 139.98043131547018
217.05076326989885, 168.60703082214945
258.96103113804315, 166.29824553910137
185.88051739050292, 191.38152001114318
215.42236966900043, 196.46893381344734
207.1002130212427, 231.76976990874
226.78173238396099, 214.11685993621407
192.83356569878524, 207.77253067515664
206.88228238681575, 246.22099080602203
198.89302610718755, 151.6509406655942
187.68879825870115, 268.71651478141933
186.94381970688005, 178.8896261597605
196.25810566908092, 137.76287763752444
219.42371574759258, 217.86875534295444
168.45814370614715, 218.45398906102716
195.01758710299333, 134.79861439632145
210.4909660096475, 198.08816144556258
215.51847655177602, 152.67005689095328
203.36732856820396, 236.2686399227596
176.86717795541597, 176.36643889132196
232.1907168860638, 211.61059536779482
199.19870201115, 195.56257099915504
182.99826709349784, 108.59093276910522
161.28587753665803, 101.41659439669954
231.4640903021265, 192.51699794405548
182.38751318247094, 184.2111522503059
223.97196525021923, 158.22195474398384
202.6522529306837, 146.74810059356628
191.28743656624744, 181.12014287059444
166.12854123559217, 127.03320193702871
174.3686860988574, 194.73261341752053
179.19433293572476, 200.26132878829225
244.83812425678306, 236.78196070266304
196.5255268432648, 138.67683784069857
178.93595488438285, 249.74246500314652
195.40402282566217, 274.81866254948363
179.76934702820517, 179.57749811155995
203.14573018069473, 195.02758615514486
201.7333476470627, 156.42271217649875
182.9565624583911, 212.39848234706488
230.59040786993208, 268.6274688807547
224.06376588566778, 149.98405673587212
166.6017927724148, 241.81703132975167
184.96577356920972, 142.34604746740501
176.177085141692, 232.8301521707156
213.56371399828234, 210.69886341399103
224.58849852536426, 179.02869917467493
234.98545385728954, 95.89491567917963
198.8285679485433, 214.73330737964903
227.36668049664263, 139.22967732191876
151.04694286344733, 187.5198289248227
196.8537722154019, 232.25235108306208
172.92607537943096, 167.4646799949915
217.60607123411867, 289.9098084503344
233.6533457840676, 175.80018691584533
190.94076413117037, 230.08771832821898
148.43678095394475, 159.69288846002155
185.89724820343258, 155.62738311057996
189.27006210419964, 169.82390799777426
191.2356352624015, 199.40966918346385
242.6128751633979, 135.65687688725393
202.46926770632433, 148.78174312503094
186.8542128034027, 119.06231607405631
217.88810683356903, 168.09366943172688
174.09679627052668, 220.00037448005577
197.90028602430405, 184.8156600827854
251.3217187132449, 167.9923664103017
231.79197256645256, 179.2369080776636
177.52190170330678, 196.4585475203491
198.27903349505647, 255.69568049922208
211.1110841726932, 231.20655535630786
141.6512325013061, 251.08983969750932
175.9662754692226, 186.5035227038118
209.52424149585556, 263.9503503475942
199.94567274598796, 150.1912355327547
181.18779938080974, 213.95908303875854
217.7447270355285, 225.1221206324119
198.1119745303382, 213.4092988782195
167.04096562845692, 248.974829648139
215.89988613840026, 234.68016770854646
196.5228391284782, 165.01688708877526
215.21744666042474, 237.98703257034703
219.09262050516742, 156.19498583085948
221.263614907692, 198.3398468822639
208.81213621558197, 203.68474291457582
187.42343169783044, 214.53756252819647
207.6324391842171, 217.14441745154994
166.10731535490285, 219.0512406064176
180.15914086679987, 294.44260585913247
212.69189178734575, 249.8297243443985
208.93242990478947, 180.90419211710025
181.15824550771407, 254.84674066314625
206.53033227484391, 227.41963345914886
166.7526185219409, 216.83614584468998
250.50370537674536, 226.25713954587303
238.10875823297712, 178.60909349293422
201.42122561464657, 219.81698461760948
204.5355913323294, 252.81678887122018
215.69960675477043, 145.26261600830037
252.82346585798678, 118.31480421641167
184.00052152286958, 225.67899412519012
199.53887741718387, 268.7649406244587
204.51482392120212, 203.61945714147768
178.98211297801356, 230.6359425272232
146.33220260252796, 210.83183736397075
174.17070397949115, 183.5733340175559
201.9108958221664, 223.83044458119807
215.65331745540567, 258.14039891984066
217.487788446131, 161.75571295267684
175.55257989079476, 198.41533690940324
178.95957612818566, 203.04279510810895
187.06431622269642, 220.12714241353584
220.4967715578788, 226.81027672739867
192.98525148061597, 192.22057464373017
192.42494061273408, 222.25295401621875
209.47893141733113, 186.53486500154094
156.2303112126614, 207.09679826866014
232.33434499089793, 272.15333738021974
218.8902555280852, 182.58694766260177
217.64443927109915, 226.91053062037946
210.77115725522205, 290.7250761603903
196.5812710419729, 221.53174191580638
221.73664155835067, 207.42342550668204
227.14976147999957, 149.45220294014604
167.47668196328476, 167.7767734287537
166.03275016308527, 158.1510714295584
147.23317603851663, 241.59235492715598
203.15949753038686, 201.71966118640103
196.65409124113592, 218.86511156854894
161.03176656613465, 192.25566804739677
154.37625222189965, 198.94175026381558
218.08416426509, 196.4878267714569
230.5318513122582, 188.388386846598
227.73330157415222, 192.25505252891995
215.2607690870756, 191.37013108390371
206.46412643264264, 160.77128596039688
191.76037215608403, 226.18266902075723
196.47183929155844, 173.79956619344762
186.57999600669604, 128.32962323283223
210.064403029809, 106.51843183559018
200.28188609724097, 169.16499405237758
221.28288277723536, 219.02085883550234
163.68990383333528, 228.1935812915052
193.00822176107383, 153.55750517943113
217.7715700989462, 250.23032751691886
184.72117370808047, 188.16926860241313
206.62829127549986, 235.8854595101669
222.78414751143805, 185.17659637045867
144.11136255545696, 203.69935582531258
173.54967857227217, 161.30782923888097
188.6036753459539, 242.3209462032804
201.19269914987984, 227.34431324151876
211.42818263107822, 194.25659133860577
189.20644219132544, 213.31429322350675
149.76235933611332, 154.10895750313637
174.07114926339904, 179.2907732990015
203.51220221755761, 177.53035509168933
222.69301432985952, 182.9986556627308
194.11883970169433, 212.97194175495338
216.39305709443997, 201.3780384925329
177.21730754810693, 200.55113534626273
173.73847431227964, 243.16829450182075
217.01330790580613, 243.61428232271663
188.79858450351074, 140.0200530299587
225.79004354242784, 171.14075497562754
185.9773555063869, 268.4850187896506
180.60071337597543, 146.05237932473236
214.30182789081567, 243.6067248975111
204.97974890949897, 248.149088427087
185.46765479917534, 171.51920028584314
170.9716892892841, 201.2924449701295
220.0487239235411, 234.95285312572435
191.36501240761058, 184.80951206590558
184.99419361328572, 206.4899828540604
179.09986776965007, 195.37490839339867
176.8481957445286, 231.67579668905182
157.30103764568963, 206.23468452283768
221.98836688690238, 171.76441646479066
200.67681449381675, 137.64404783597814
217.16078051174605, 179.9656684751223
233.87566871562873, 191.33704378382168
216.09059333930168, 234.6616530389576
178.95339892727895, 192.59004475941475
216.85362466507297, 236.2624563713722
246.08308864386902, 249.04808900171025
191.1669633031199, 220.2038164887935
197.09312148274324, 238.48847397992907
190.3863245571811, 223.90100287417883
167.42094908956392, 170.4953846905753
205.0537085079382, 269.82596789280063
184.50755328374535, 118.93124880584642
169.71825775923492, 222.93450819699922
262.9789772013373, 209.35360242466277
201.38730345768883, 196.7609638291078
183.92743206575955, 210.9614778320188
233.89429850965288, 244.9878239549066
161.3271339993595, 160.2394922587713
214.2007827649678, 198.41106213967245
222.61044797938123, 186.5014396851261
226.56541968393745, 173.5596381593127
204.26219005797594, 254.8234636224102
193.097322398092, 205.0928147703457
230.2335704843575, 215.38274466613245
169.8887572958218, 282.12628287053684
196.74283826372903, 184.87741149236308
228.98784544214146, 186.74788491556993
157.56864690423777, 146.40839200907834
252.0604159104735, 245.21441653322591
171.97571665799487, 245.31737515741412
180.41384962635465, 236.37021901244927
187.1994078378944, 136.44937631534975
146.60017974691928, 148.7939583662351
194.30784401674362, 229.0576519420216
180.0799271558703, 229.04258962505094
177.30525443044448, 264.9232365442497
189.12577267826543, 186.72078579196483
200.88833200960335, 196.23175134786374
229.9845968431432, 151.05016234459248
229.67722887512838, 162.09252892068665
232.2941692453081, 185.46362673399577
259.64403172395777, 173.520682946566
182.6187000325649, 230.2900515115267
158.62108849842318, 161.62369760431005
149.47897835754074, 265.1421567710318
230.9981410940049, 170.29618387927286
202.87205550830794, 196.4235769367021
188.04673952434837, 167.61386842447513
247.19428021439495, 239.861073381174
245.89641568725506, 218.4892436030773
219.14303468977909, 222.01365469983224
189.78694967087722, 216.23617467825744
230.4923118517795, 238.5797635539863
166.1519206015346, 235.87515085041406
223.7730671296644, 283.9573623272315
156.6722222212348, 152.42967562625705
221.36078750250888, 227.54639203677604
173.9536512100434, 201.45924698854373
183.78058053635718, 252.06605220634685
227.44341074824536, 199.42589029046715
183.37482830750062, 256.2452554029599
177.03579138477153, 168.08552018850617
175.78835400853492, 166.4574867676093
198.53360298279907, 198.01428302153587
229.9948771195593, 204.21765379049887
210.43930919503825, 163.07078656874003
213.3441869044418, 199.5259531819017
180.92906553877316, 258.79120285047156
188.29873188625592, 189.83416152505106
211.72247634938066, 177.10318572008904
248.0851184950683, 144.36311737543463
198.25604898885942, 188.92777324687174
213.70133661024352, 185.7710248035465
199.37234680274778, 171.27311198311077
206.2761210532883, 232.63214110157017
218.4716548043047, 175.91916689063623
175.19654088831834, 169.39143552065184
193.21505709385187, 263.10024216116415
211.5363790050871, 176.18544714060542
193.03656393212538, 152.5792521734221
190.9056668106418, 182.75474597843248
172.70480491067812, 198.24951968947036
175.44566036735318, 140.15611273533767
209.3269861233771, 239.8967995690689
231.5598132061875, 203.72336630916143
238.9106723062045, 193.0276479357712
191.0809728920634, 143.19927499798183
198.25017560688394, 266.30358319444736
201.28512270117412, 273.81733951687806
226.4965926682296, 213.0385226763666
246.99252708562778, 212.42843367429316
187.08842097307488, 240.94783580772975
139.6926927174037, 156.36560319262165
202.36744263411248, 186.34987962075974
190.39898252204065, 156.20879160029227
208.38511583476816, 162.37208041787733
170.93548789269107, 206.92478099004785
172.87330954736578, 213.58113152669776
203.08853736877137, 222.71819079216553
192.67598615790865, 114.92726175625532
177.80017228718424, 231.7787218670734
193.9249677579783, 201.77115071371713
190.886122567531, 222.16154019368952
223.48937744339867, 198.93928572213412
197.7807195611678, 151.40030508381824
194.51154638953804, 226.6373138832036
200.68819152583472, 219.66584008652742
192.9044702278897, 187.2839891838198
192.7936340605372, 251.8924580514527
178.93476464585325, 232.81793201063613
175.07869310833428, 238.5581122155155
213.68915456751287, 255.51560170007826
242.53472829335502, 248.83783435502693
173.27649381143277, 179.59358057193288
194.84262092308515, 179.50965634101726
181.77310137830102, 183.20858638913305
191.23236178511263, 114.10476466550946
251.1572630430329, 205.7367841763058
233.34081700765262, 186.18741768749834
245.7097911844797, 148.15157891778136
198.1504759746424, 216.62520718075947
258.62206729755604, 243.94510891197038
148.13254258973726, 173.13785354334362
178.82769263144243, 234.3516901786558
216.49004344011468, 218.41509445577663
171.75214553331924, 133.641155860076
194.94103716033132, 201.29133456957464
211.1874401172577, 181.98164693816216
212.02298035664916, 199.12647649137136
159.10689910719958, 202.0216221322191
169.1791474973611, 214.1053052541266
257.088767010373, 188.9552464616414
222.15534737165822, 170.48275640073194
191.5921880872558, 175.10026536339188
210.761870428902, 191.0717874145535
222.68477924871303, 140.8251553694482
243.9811661960444, 207.0714201030787
211.2850986598881, 213.55161871944074
197.25588535372597, 148.47706553060505
153.61752631866892, 226.5625542755674
245.85150845054645, 245.82374982217897
171.5424177335784, 190.39452645120565
189.92608073808626, 244.13659931652674
181.38161359156533, 199.98671967977037
222.6681312850874, 200.0642241897009
165.21785448270387, 181.55793692352236
151.31674149366603, 170.9867527202522
213.76939836720325, 209.07930859455317
199.049276239182, 200.7747628870216
253.19576646367608, 163.4802513638289
171.58946085560385, 265.52715728738076
165.10406157880527, 227.51819208506365
219.1464880471325, 178.6148937741002
173.08762021277997, 177.3891184041825
224.31821829942464, 216.56201378473347
196.25935895980274, 264.80935598582886
213.7000840506354, 135.08494641717354
186.372705444505, 204.19080516798732
182.32802266485433, 279.16721415770047
213.34943717245284, 176.63415563421302
181.52220885857122, 188.8419710900106
236.27410697437216, 247.44464135552514
178.67562750342157, 230.6981568788596
203.825858210422, 252.8077375614105
184.51131699346774, 225.35356911592024
208.9751086587165, 226.7735814268875
173.90404608861385, 198.70089967507786
175.94470573512882, 169.38255124143734
244.83955532190976, 213.6854340239384
183.7521393367087, 189.35305305541218
205.51374140391718, 200.87053971387337
208.6743902228754, 187.85324613929177
164.97255272019612, 240.79222186305367
230.34885803983494, 191.95970640087637
202.48202933903084, 187.03097142663066
215.23087523561304, 184.19477819160883
224.44145231417028, 218.45684607343728
265.2236312186565, 193.82424181503845
229.54682995145686, 182.25131493076194
137.64322177485766, 294.03948016302576
156.56289887428494, 153.76812840095107
169.29110942057576, 199.18178714342835
219.78452466471612, 144.31855669371333
201.8533998581067, 176.91880521798768
172.62262273002952, 125.94650046421313
140.15807636792175, 251.34024237783228
175.0879211081749, 216.56405782991743
234.58681987097276, 188.02076720535982
213.10759865703403, 221.47795862270235
154.5216123808647, 201.29543772848442
188.74946497630899, 115.89008320829441
214.65041728150754, 214.28383314527267
215.7909539785691, 210.5011588987181
204.41805174914526, 183.5021376962045
180.6562942644876, 219.80960519515568
208.70184500833972, 218.22552465252616
187.98182143870758, 178.62473338249146
213.49014621314487, 183.0323284583379
193.0007059978358, 188.30096193765408
201.86896794311278, 213.41983931666937
185.52631852725926, 177.2565811913479
208.55790465768905, 197.56114738698258
174.819777592832, 182.4779169898503
200.17062675233103, 174.2053479335043
175.4826513637229, 240.45095281550726
226.93260348092264, 196.47396048786675
267.0680252101519, 195.9584580581851
139.14141331155741, 190.31467954346124
195.57846273128925, 204.24678419471078
231.86759178770117, 230.81987035367712
200.86909306682378, 212.74496835865781
207.86570202757247, 151.1332381641586
199.39678838496226, 187.24208752248165
213.56486799499788, 264.47704906024666
211.38581870206335, 226.75043122586405
222.79655398539373, 205.57160452344306
200.122924001798, 217.85071629401577
206.60550148710303, 163.26778181911743
210.92410437001632, 257.8480662290708
169.0054840050255, 98.41449188904457
251.93198755125542, 198.89911628230638
188.0080461002048, 146.75412846280082
190.5230408538426, 242.1468849283259
188.17228745953167, 222.54471517438756
186.5483301929717, 190.3191814569229
176.82323907143933, 230.05732152832184
164.05542389112009, 266.7909770838976
179.77596273358017, 197.0259806640833
209.9164611332289, 195.85974473703615
229.32062408691144, 190.2275461621992
228.8448389038113, 176.7567364432061
203.57122929577147, 180.81821861613628
235.6838223101555, 215.18619367252538
183.41632717959038, 182.44655164009873
212.07869624611754, 158.01497573819617
199.0203312928334, 115.54197174579372
205.49344620608255, 179.06117053036934
191.96766261818152, 227.3621216420325
171.37574218866374, 217.11507353495386
198.82836238119938, 158.15897871343637
170.67810530940525, 281.90791138750865
205.40659579523953, 174.04130942510434
179.42280920711127, 146.89526875093463
178.67636170147873, 252.59597219855948
211.25599926659086, 215.60458541323726
186.23613870829305, 229.5020901187101
151.95061503739126, 159.0708644634495
163.5346453924199, 166.03221572049557
152.7946153552631, 270.22982537563223
198.99882403821198, 203.7167412875785
239.4818135510873, 234.3457109389078
189.44922403508247, 232.56451092569813
235.43139518775814, 212.27935513847518
161.86488106751057, 192.68013217189545
227.15987916100224, 122.94013161444983
185.51926554850732, 185.43900205615083
182.55705083205694, 143.15904956005966
213.0641224553067, 244.5104354766692
192.03046823133388, 298.55248691507575
185.72250088467797, 222.6372369996008
173.4133194742099, 199.8370689355706
223.3360382720254, 269.5191607369621
183.46311819485214, 223.85378550687176
186.18066078969534, 185.5836176492952
219.5964362743438, 194.85704215071772
153.63189788428267, 215.8324350792393
209.93559817361043, 172.8485404696855
214.63861047087877, 181.84402591282145
198.81505117581182, 252.40805600607086
199.08848568723502, 201.81475401387794
279.124983955932, 204.95638895823225
130.8788665885244, 214.58276952956322
166.65552327269137, 208.2835299615259
202.8552664166119, 217.35039665628847
192.15466794412887, 197.25397446533043
212.69740729010277, 242.11832634339217
183.1038646423739, 317.6467061227188
209.4517372270293, 172.94921600758713
234.11103912217266, 202.1752679406223
247.40968625957066, 127.10936677915424
157.2006376883422, 184.83278118477676
192.23258771866924, 183.32752713739856
203.7293788160334, 302.0458079713953
204.52514661451943, 194.4364788018899
210.96839455336914, 152.76112499382285
184.81195881071318, 232.1488141636815
167.65282545880086, 189.17606413117593
233.93823295332055, 208.82839133093535
188.22454889139726, 205.68601132756615
220.13343931385634, 215.65936369221905
214.33964158641922, 193.07892346864605
200.07062041929365, 191.65679285344729
201.3544476806692, 254.18997356655436
204.72321051506367, 222.0935094133996
261.62668255482816, 203.62679030413634
180.75282020351247, 276.22511761417695
193.469990889914, 253.20032937097838
177.26804834672004, 183.08009479195704
219.89468132121164, 225.85912225969298
167.96012443083498, 138.44729947349072
184.82780644817922, 174.22197583597807
167.6614284688263, 111.19733637121429
206.09153127795574, 94.93527703098708
180.2094998289132, 184.52144680663224
189.1998311488661, 209.65903162958406
215.44019654286134, 258.14999864647405
174.60986826801349, 186.50343470491873
191.1345022918478, 245.1203383751813
173.11690904397855, 206.6076049234278
262.1129631466421, 199.91635958353967
168.15106605327153, 188.85505420687693
202.44325616282353, 201.65324449378997
215.38751950131467, 165.14954526353543
172.79000371788277, 142.3367555549753
182.77438558433906, 195.65273713479297
145.88101812010075, 207.13437325323906
194.59868398481228, 91.49568671306861
227.1468777348598, 206.03249069907878
226.96574336291388, 159.57668152279092
237.36001445629938, 233.39774526375584
229.26432888427064, 158.6398051029692
210.3130023137253, 186.8455056514923
182.64907381272405, 194.65610425498807
246.54353430451545, 227.15776746450504
208.2376930839861, 224.29251091037102
546.1974654539991, 424.84143546917255
640.0823514354155, 487.6648727369725
564.1575896959707, 365.43806916744666
601.8070788767601, 364.9443644411367
585.5508184635243, 347.50218949047394
592.3808670949575, 462.7410392511666
564.5269201631663, 365.7277422451457
610.7597112687623, 386.7647643510524
582.0233248721348, 390.7777880975901
562.8112941588035, 458.7629590757166
662.3616927695107, 365.8648878456754
599.8900066349698, 365.93350021971514
626.1467307662217, 327.93601509067
629.2796332174383, 379.1525722404965
675.876556571889, 412.4488770440842
625.1404131581841, 350.54698356243944
607.3928375192104, 418.4939632944267
632.2269023451705, 344.0773658016401
607.4865983123799, 354.8729639998264
580.3863276091387, 449.97732417156055
620.4307781719376, 449.7780548806793
561.0667709180698, 468.7718573083637
583.2963393749775, 355.41187745110034
612.4091602003242, 388.55451112942274
551.5055296292879, 385.82159270279874
599.4304344057266, 471.6381619980506
637.5665640205511, 357.7129873626428
681.6549213986817, 443.22352354373896
587.9438339841925, 410.5283724914054
646.3085572372797, 407.7836972523858
616.6590922994641, 409.0410059413645
656.4093791617488, 327.8852907415993
586.8907996141683, 404.71451707840254
606.5947292692783, 349.22808083586574
648.5546440775306, 372.01884272820314
497.08696328308207, 344.7498497348743
681.7200189725532, 454.784379061971
646.1628781951969, 384.51736666217636
522.0307318725534, 372.87105424586036
556.1453924714473, 393.786584605677
646.0725217901434, 378.52567030810417
644.9443669875528, 376.80328218165164
684.7641513709967, 498.8396159955822
657.8174810582011, 426.00017803614674
545.2182909476644, 401.7326630335841
638.1797950186208, 404.8092083848475
604.6108641807622, 410.44384178976543
642.3532631813645, 442.2173765105029
602.8657305162798, 417.4020414130091
622.3160263928511, 429.31930948248606
547.7434395616428, 400.09920872116095
582.3597940733501, 439.0889603126884
626.936856636481, 360.5250475999493
655.2890815142379, 389.2592541280447
657.8912935408455, 426.2131966217265
586.3727533122741, 383.9796964270755
563.5433823477885, 376.72592225588267
585.6376040260822, 412.7891542787026
630.1575450699437, 410.93579723742397
607.4455594744925, 336.18421802248463
521.2912464257753, 382.9176066075315
592.8711790715527, 450.62618225424217
585.0430329277315, 370.42580813626006
603.2683761775859, 392.212660294347
580.6968949557483, 385.22118069694926
566.3412793673821, 423.8337985532551
576.2711701604304, 342.4898791908493
594.7615153765616, 400.73102098742663
547.8050933956758, 335.8104403849394
597.2828326318203, 411.55259176990927
612.9109436330219, 427.42655615868955
571.3232829271501, 370.61609073183865
618.1426860144746, 429.0497734974165
628.984554487774, 392.8147128068931
585.2596174985873, 434.268405004706
692.6054731470641, 394.4737761810055
612.3988416415954, 365.0553765749671
614.9598020689288, 428.52775269281074
553.6843567799956, 353.4395700468258
543.655331112797, 338.49614566950635
620.5031963823013, 356.1712581556616
568.4398264274922, 339.9805854290124
642.5184974546135, 426.15386546008125
609.4325063009691, 417.7331409663093
648.6651819817525, 376.98702461164663
561.1550613164522, 378.3283114591491
608.7126971434244, 419.8331019807335
601.145256681686, 402.8033850398958
557.4314245492462, 410.3207951765977
623.0348878399565, 438.34572477681684
532.1300879645943, 421.31197536224283
563.3828592883305, 439.5512582000231
607.634540086654, 416.6003892860027
538.4800225071508, 365.0133301643768
626.6079000780499, 507.6413419233151
556.6001565407422, 402.5376753610022
600.9202127605428, 462.8701341252683
567.6890894283633, 402.2496786782561
607.5681238403033, 428.6025769791838
600.0307336316636, 403.603606699058
556.5156851673023, 383.3249092713757
611.4288982002658, 403.1794425260142
500.23392862077867, 429.5116920601746
609.7637411619747, 370.8754490598636
624.8822687876595, 356.76530351074643
552.3032068644601, 420.21656789845076
631.3764008855692, 423.9357778380028
606.9315611087466, 429.7670646729514
541.4739066488258, 412.7053291088583
601.8523650434792, 373.7390286758226
638.1034331131506, 350.80959900636765
566.2676276181969, 353.8222143490372
606.0993399997619, 378.72746993213207
607.7058181944468, 369.82522058495397
497.99495455434794, 414.7560652424652
613.4415339509354, 445.62671798516504
598.6609522976149, 505.7144519847249
645.3421843953645, 410.40599909122886
658.6401597651828, 435.7059723235144
606.2733132912172, 429.290724754167
598.6685810783404, 408.2086791301078
612.8394673203807, 375.5147823234956
585.9963354776037, 342.35625561281154
610.268388422535, 435.4620488564485
600.7008019783024, 419.4000658157598
635.4713922046972, 298.694289129435
669.5720634413494, 366.7379791228308
582.5431995058138, 409.36157422972985
589.2733045242337, 389.4917815653297
608.5511002365818, 467.80110187567016
625.8612307782943, 422.79263455679126
514.237453208465, 370.34667913125276
670.8601242413238, 388.66264184429684
620.0737173100605, 368.0831613550188
608.8956279892645, 421.26276836003024
575.8885737231942, 396.89857941529556
689.4085377976938, 484.41247862968237
564.6898967884794, 422.77735371209394
628.1725043349611, 395.32075156093936
553.0666694096828, 476.01098684270016
521.9300206400458, 408.7708737793239
612.4953888018074, 421.94063397054646
633.7262676943751, 430.50432305906736
602.190699693205, 431.8642891991759
578.4888843300058, 466.93027897636676
629.2808687862466, 428.03924023548905
600.4025703720711, 401.7330247609923
579.4064850617291, 404.41159633675807
628.4395623134824, 504.3037508393111
577.3653738337453, 370.2021537481477
639.5283532886903, 396.3955723141749
497.6393280082163, 359.9242504305688
559.873300709595, 407.09424499751566
595.3495983387243, 348.81383011930905
643.4031573618186, 477.2637839489333
619.6310269867087, 400.2541781594558
608.8923821693434, 458.90650969729114
622.2341203373489, 412.98746547064593
619.5556883255169, 381.8040442120032
656.3604197691407, 370.9719120129645
590.1491309516234, 367.755539425217
570.6544980548118, 455.23094214710346
624.4784726914767, 481.50126573467446
600.6542913514153, 346.04056367554887
574.0881125890984, 437.6715903110773
661.3014161311536, 410.8426892805262
607.986115791497, 430.8360404183769
641.9191262730127, 418.4276656242511
536.655117749627, 429.93264932338
605.9232351049627, 424.1431269617556
604.6265731654872, 439.5342509478778
587.8147545237033, 439.1872993809048
665.8621957062902, 342.1755427830764
621.210541195992, 359.8956833182733
614.9316262994347, 387.06654572724165
543.6854531570411, 403.2591896688887
587.1424254871846, 404.0132961072221
521.2016737017575, 384.85044914350163
540.1759327319794, 417.98315707268165
631.7605163381893, 408.55999824674325
580.0244369312435, 361.6274351221746
578.9401887735274, 446.29828702841576
565.3200731702756, 471.25079922540493
609.8882777878052, 403.9690871333488
652.7138400984932, 347.4077017662962
596.3130593185231, 392.1329472241671
600.5324430345543, 388.38719123126845
557.1999257104761, 421.38281766978923
592.0025448754462, 422.222477306262
586.5444317444181, 419.078269185019
483.8820538515086, 453.7716590311751
608.1204429294639, 359.72768379595306
642.567805232586, 452.79830644821925
598.4040767928923, 326.5098947803293
504.97598837634223, 396.29213485716286
560.6868547863032, 414.3555072132481
617.9802995633647, 417.8347574990522
550.9623778198857, 421.74111292681545
670.0753000291309, 272.0779640465668
601.5885288638328, 361.53090031328975
568.9629847944877, 378.6633835565438
614.4428844834732, 396.77488590705923
540.8734390702648, 391.9958778400035
611.4222616795812, 423.5397014574915
635.8161170937923, 404.4197085550377
603.9142978873602, 400.98087252305305
607.7361171628363, 414.00921274762896
620.8811879710472, 370.5311659482693
574.1274381870759, 405.80550075238006
661.1930962133004, 375.65705770370045
594.4600395906376, 432.0511110438118
614.4040285352634, 405.2249893948835
637.8046638364938, 450.602468987241
551.6713894887789, 363.92606010546456
590.2363128661455, 368.7655307124342
613.2486264948232, 456.517469050842
575.0863088186967, 432.87746489853276
560.4962981328861, 434.04772958138926
614.402314716516, 413.0248366146423
698.9626868827997, 323.04256872221634
650.197013337756, 386.5664664388301
575.7796403351148, 377.9882299864236
533.9279132670849, 406.6161399774997
555.3793352693641, 351.1677838072256
624.4182333410176, 443.0652382896942
621.7939862716781, 416.9072240888965
597.5615563229751, 452.2252774862012
612.3574793471521, 437.30504916842506
622.562350037294, 383.2943087903171
623.7497512832853, 366.3875764355406
600.128857583797, 308.8520882755323
608.7557777587801, 373.67376597491125
574.8652448034525, 441.6907975612103
536.9929036538771, 358.07976161867214
608.401445366123, 377.7623065595632
586.5703221809, 349.67759613430917
626.1487195537023, 436.98204088855016
604.4803369355312, 415.32548966099654
583.1046051084274, 374.397126242543
633.3303513379143, 420.64822172669415
588.5898685137716, 392.4697272109495
650.8893329830227, 370.51651498627064
641.4983625671671, 347.75001637355894
576.6032777441284, 397.5721701394803
694.2180114421506, 287.9366194911818
573.5978807280289, 367.53473964566786
655.8797287218966, 377.57678481033867
610.6893282099529, 398.92253265137754
680.4331191251115, 431.2448584478767
631.5008597160343, 429.87323659082546
561.5183268461611, 449.2781660421412
642.8217466154122, 437.2659891839011
636.2245826597341, 409.9224524326804
622.3178272019337, 402.7108671355908
521.6434923290496, 378.2557149929501
583.0715829066293, 392.47688477874385
595.4698312408967, 388.6519884360288
602.4882639082135, 325.3786109241182
584.8089787700271, 376.0657520204703
588.702686899993, 407.61650260421334
664.4242375188039, 399.2562103025114
651.4059694177778, 387.6249064711664
579.9439958362701, 395.27072521067316
601.7440883603905, 392.9377483050474
664.9589460880063, 403.8507024901007
550.6494391594565, 425.00747530602797
621.8890111667735, 406.03380652603823
596.0730822037974, 420.61573186178225
621.569340295187, 403.8617782202543
578.8426943203656, 381.89357173099114
713.7784001472979, 416.6971865962873
622.2261601899011, 431.30779100643554
560.4430526970543, 422.94522339184766
556.4639675419608, 373.500594131663
560.3296908727228, 412.0179193488786
592.2191714781839, 448.6159671812216
571.1681113295315, 467.86105540601875
598.8043566067254, 397.0451306043422
554.9683445987787, 386.43285826934124
525.2204519034938, 367.6507029576468
605.6074331027111, 403.7893349686473
565.5223315954022, 462.26802976110855
567.1942762324422, 429.2812629452151
584.7697705007926, 408.1125884485649
571.756364978916, 421.8241798579136
566.2060401433195, 365.8631087669892
603.7641928358224, 416.00395428302966
598.7149821001424, 400.49098944300687
615.1565128137377, 376.899671802226
606.1879154428428, 470.67848832225303
565.8874886158122, 362.31571016028664
590.7429805202449, 352.1985767266882
648.9503524414183, 465.5332445933836
657.966049946654, 419.24210074723914
584.6607866359917, 366.5367537983604
493.3460362895236, 415.62880896403965
595.7667851143098, 426.1228907139959
595.8308469904206, 464.4359289845278
632.3012441901878, 398.15789125013526
627.0570451531248, 354.02928830498985
567.5642353080913, 397.07108154144
640.0235939975807, 362.5613598365138
534.8866056005043, 398.3976474188904
617.2978831475921, 439.0478159816163
650.3254473807924, 460.7485090457485
526.0301056007332, 418.664930849626
580.4850708763947, 427.08342994937783
615.478057706197, 469.76834402655385
622.2285444269118, 391.7650100801152
579.8737712124963, 417.777233285732
586.4280585690119, 407.29162618733676
556.8980322351975, 398.24269029876507
577.7200226362033, 363.4291297856236
607.121490824459, 440.2149320374996
616.0925359914169, 415.0991222704645
626.2492259251505, 417.8614274657767
544.1039012859264, 459.391373738569
597.1341584185482, 428.97951187944176
701.8946855907475, 391.76048736687676
631.274033567796, 427.7349125168257
612.3157282221956, 454.1890520601763
569.5922059924239, 407.80141206053463
606.5519603877058, 334.02400558054717
579.4515762269533, 441.74837856484567
629.7815773770859, 395.81788516116177
616.131614383117, 433.1155710385704
572.1785880352734, 385.7552469015748
584.1765202748146, 420.8930280813117
605.3270201707054, 367.8273108198691
634.7264981607807, 416.9679119119475
621.0933494025379, 428.3987108919573
580.731087547702, 353.78550097788946
592.7020874278802, 386.48468700191097
624.8009695634529, 387.3057545570217
591.5428490549823, 423.22713446421284
663.877531684994, 443.9794759313798
505.6271937852853, 424.40474105633376
496.9421682383959, 391.1401249842011
655.0903191732477, 470.9721433887339
579.6837537822364, 364.48101081471566
613.4800667915773, 443.9199535682049
619.1547035113475, 357.92048582410973
626.2820409423299, 446.3049982171203
566.8822036191976, 365.44091725402853
588.6495020135177, 396.5381763651482
574.3976498290505, 463.46902657478347
581.7323535223421, 385.7341532348783
627.2772872070465, 463.83520601101617
613.8661666140932, 388.91734684689476
581.6001079980496, 342.85640998713336
578.7602026389792, 407.6666540861458
552.5510143123518, 347.6942926207253
554.3052275821858, 403.69683072908896
617.8298230040845, 485.603684144668
666.9032867327712, 385.8718194131273
635.1097214022512, 416.1202911166501
632.4121410955067, 361.06397113620835
517.822850539057, 359.886006997783
610.5486046874612, 484.62942031951286
582.8035759385305, 415.4243629188216
611.107322483531, 377.20628062693316
547.4468810412366, 407.0144498502381
585.6711294465285, 337.7884437746109
610.1593896796902, 383.6063470162457
588.2611256120521, 411.8651165422117
633.3238835339162, 457.5637517179697
561.0745663937412, 347.43760693690626
625.687388595612, 406.8542576965609
587.6527610920448, 412.1728709518502
678.8469029921312, 378.23594274067943
679.4617875447664, 434.5691772477753
619.5199640517998, 411.08327677413195
694.6589450504848, 485.36437964092534
681.4898806316036, 390.2513106366198
589.2919813604018, 365.8352914741145
616.7608874698565, 420.8720795516767
593.2248538373454, 363.4400453529084
520.5158652707363, 403.62032285340507
594.929793239984, 333.11752912881195
630.8064738470466, 455.6848106355033
532.048080691889, 434.2696289200324
605.2581527333879, 398.1321424008723
588.680577327705, 387.05471747700705
565.9164737173405, 364.0486510804749
596.1631822921549, 441.966810623158
697.4708332100589, 450.58828083260556
542.1294170791488, 390.23782492001004
568.7864672313855, 442.5941881620373
636.345588540272, 426.5780868612639
662.6493559179115, 435.7328951696511
658.313550501749, 469.8385084810101
586.4385652057337, 421.6645527958441
649.0044759488894, 377.99563370264445
658.5913544219067, 360.0121274279461
641.6236097887822, 314.484271812094
552.1384394878156, 343.8735917390281
647.1870139644693, 347.8771891637043
540.6748397861832, 448.05141221902426
565.1101304427989, 397.9001231257497
696.1592898682807, 415.3197067525128
618.4111362694017, 419.41579434009634
655.1966036045029, 430.8659537534505
563.190427086881, 435.05964115513177
593.5658134803658, 393.87686760208254
580.9803105210796, 403.77873827833434
574.1051865242443, 454.6511631023171
567.1838916061713, 346.9698290352766
549.8030935906163, 422.0276789224628
623.9087399856339, 437.67000855143533
520.6721757313497, 401.65935700553376
590.7355835954908, 440.9022497458808
561.0374651553067, 428.82660227715496
572.9186596259659, 346.062862223389
575.7529042848897, 456.08431788122465
626.3597266175832, 418.57349999313027
596.5661306942745, 448.0207110763325
638.6818860485292, 336.27168225559546
650.1882827590181, 327.8498963335828
612.8181283392178, 395.79100146180696
559.6792383524746, 471.7257967642811
544.4687162996947, 402.6300563410786
555.0451028512915, 431.73463552038976
629.3990800169581, 452.5756452430857
620.8110947488533, 420.4078226922103
564.239292761367, 372.5503939496465
654.293780942899, 434.75320160565303
646.656814686135, 414.97661731357033
651.1746591939092, 413.2384372752483
605.9357975779654, 393.8772208493383
596.8142467692134, 445.8908748919923
529.0251882133293, 365.22239194454846
673.3792519444308, 382.439194905821
648.8585100394741, 449.14217545883594
612.7720893177773, 376.2855136408892
497.0589694363925, 415.0765308414115
585.8364214909521, 362.0340146524791
533.1666728547899, 460.3647131288237
560.7233772333094, 415.42209496294043
585.4548850579848, 418.06553017160036
580.7083731018566, 414.1781422344282
643.1414295913786, 357.850655914014
542.0393390960063, 475.43735660309125
625.3709724332643, 360.64993149091043
585.80052773946, 363.50671149837655
614.5786083645245, 439.77573813921896
603.2594946008774, 454.5612173501694
622.076031985702, 394.82099197715837
653.6595025217742, 364.88203844013486
610.9799586262443, 309.34029956809206
543.8817431183786, 363.9001432446749
654.6343787825974, 442.5498869908582
607.9364801124515, 390.4671800257256
624.1606833151234, 364.6872189629473
536.6519350359525, 376.6276583813275
564.8147446837614, 444.42242866764065
596.4958218548945, 431.95807521083174
694.3265737581671, 343.5608383232799
607.2793646045958, 449.8686387709429
605.081144644516, 459.03667912112064
554.0736931495134, 410.5439763853544
544.4026466048447, 397.6259760845095
594.2295554073406, 431.84930295686365
597.7363829816101, 435.6739139584706
591.7486347961342, 403.1963565020288
652.0600070169488, 354.47068365416084
574.1698735129505, 391.51208554809364
649.2208922000816, 416.37381841115376
691.2664432860521, 367.04868409550767
624.7880609749925, 366.37040052654896
567.1418792545179, 455.4436361296598
600.6377529673763, 310.60662896035876
688.6225677790445, 387.98748259766916
660.1975451076308, 421.3005719460862
610.0358575645981, 473.42760949685925
644.4736403499527, 431.0884543747319
667.4366516479901, 412.5657291005529
614.6270266330628, 422.0748730309399
596.8569630902043, 360.2576177051573
621.8553145589794, 455.95967251306865
595.8670828055098, 434.24089123694955
734.0594366317789, 418.17046579330275
590.0507734592296, 414.90733969235043
623.3555076420483, 373.8021562315546
565.1860967485896, 469.76640299535194
575.0164700269418, 389.548709318899
624.7892686838348, 398.4863207101434
548.8431094952525, 373.70937153362456
616.2005325697559, 382.12413796499334
531.7056570883519, 435.0138479102219
595.0175037661905, 409.25873851161197
567.823258544114, 389.0466888960709
633.1427707956208, 395.1005633362601
620.6569142321772, 326.9287394095568
571.019817870824, 360.417286731392
588.1285678789934, 438.44212983055104
590.0472778861721, 385.68261897185596
624.9433645603472, 438.64481281047927
585.7322953889649, 418.5088945896765
639.3635237243584, 380.26937350026844
592.9426581784655, 418.1901271915684
582.6696045196666, 480.73373686153735
562.3444829657956, 366.80830429879836
657.6340435336639, 410.6648579867848
610.6223865197134, 450.05417593174855
609.5657535123626, 385.48507305321766
661.9119699960212, 413.07150094657396
657.8012810724521, 409.31257221270357
565.2663471568076, 409.8311661689185
606.8492360205738, 403.8668976611103
630.7080652646587, 413.33785723696957
568.4604175592714, 408.43460789456526
603.2298510546628, 392.4620341160089
557.0833129607689, 421.09368664379434
542.5415090339816, 389.7691963561836
617.2715107114329, 331.38433367583434
639.4469898262339, 329.6487681039642
580.2862358402299, 433.6060594933416
611.1090914298754, 311.9189416551766
607.8949846989105, 484.2898603947554
596.1963986108299, 357.5282992505711
563.1916576868459, 445.08255269965593
655.493429681184, 401.99395195368186
628.2298361982427, 421.9478517570361
560.8317402883206, 376.0782960878346
579.644094694562, 412.3547578074873
628.9295506957054, 473.33903884260985
599.2994607526944, 423.0365739983814
541.3606189646888, 416.3196647370555
684.1524375121977, 408.94265164886986
633.7853296233885, 417.0123588467791
636.4903420829957, 437.649959518249
645.9887884797245, 333.51727528595836
624.0241174521705, 409.0389476900979
586.3629782317329, 357.8417497062158
628.5559249908143, 452.35490309327446
587.8570156945642, 420.22653376826304
611.4854582699784, 412.33019487354346
656.916686940766, 435.35561092117536
608.3319998259177, 364.9260478034997
569.3576736894117, 403.3635453320786
512.0683545761129, 389.3524510173094
499.9984820313477, 463.54713147443454
522.2289085343803, 395.8766193750572
544.7036540902246, 361.8682365112862
601.5607065720674, 486.46121975820773
634.2384401959362, 395.80702283441445
616.6169262538107, 379.6643166392705
622.6599378680528, 400.686519875771
575.5697315796712, 464.95372679398156
600.1070060734263, 358.74510967721
590.7176221602164, 374.5142662973808
581.1078180259578, 434.32563887773046
631.2367084749267, 332.7886823780067
606.3113160698124, 387.51674630882906
518.9401008169425, 337.52789553070414
589.9771190686953, 328.6840410733273
619.1773789881223, 402.5972017667231
560.2602227466073, 386.6629554606798
609.4518095392981, 412.3834911907906
658.0265159418183, 382.2039091582035
633.910292118298, 331.8387098723049
619.5439882709786, 397.50146902890754
579.9731616653054, 386.3351457544929
594.7960478038983, 427.01157384439534
598.7600227277389, 445.02565891265454
544.177416319498, 405.8629112305926
604.8573565497096, 482.9570177567898
655.3616405968485, 403.5897549178802
636.2567845949471, 412.974976259806
563.0334025106715, 326.206634852926
576.343702197857, 360.35058705335894
592.4994380370404, 441.46827476554995
592.7568831157699, 420.9397120119477
579.5023983159431, 406.10511603485185
664.374311424041, 377.9522340950378
617.0310060099121, 341.8977331843134
664.6500747432941, 422.57259254447763
535.7822728732282, 452.3142881425285
636.5507241319383, 427.32505250329916
599.1055606538171, 435.47880081862
527.5350141909461, 374.30272862195443
708.3988657183544, 341.3518730815439
569.2199221547681, 425.08386391494906
595.4357618337048, 394.87262133600825
564.0508606292512, 400.9955407385135
638.693179069008, 334.0607435279448
623.4379067943227, 451.62941910466844
555.1361876594511, 426.9063451028633
623.9898685961166, 433.53636069506774
632.3794708092838, 373.4795232089034
635.2480741589114, 368.70540362742906
587.5640200308767, 371.88913598521367
609.596078830177, 373.36346424305515
568.7961752296651, 414.52598440497826
563.8345404438579, 394.1833154200045
667.7288340235592, 372.01927641924385
636.885641212006, 421.8008185761373
639.7022722356628, 443.6566023360747
558.635863476404, 391.1701512235893
540.8388849282035, 413.85432355597067
610.7570557524555, 331.57670069003626
601.862583265815, 424.7172069154424
658.0460487297574, 388.10293046789275
589.6121665199474, 366.43985913613636
661.8235356838939, 361.5170083181633
585.1828169326642, 351.7818405767024
658.739605304812, 397.4783934346027
529.1053962742542, 410.3515091719902
607.2132676474838, 372.35754733776673
616.701641507389, 339.18737591965356
606.2029467474758, 531.0029211100084
647.6044087635579, 403.7454777974119
558.1219793829025, 361.7412494767106
627.9967974082754, 389.0192076217554
577.336298414934, 386.78752762229874
620.1204540341001, 362.647401791662
624.4992850469428, 448.86362611443315
644.5451748205469, 360.87937361029634
571.5053458969818, 407.52744965985084
631.2815548807631, 466.39577514728774
570.8994724099607, 386.2529700199959
679.4780161041475, 430.0012910817951
586.0711294375102, 312.1600461660761
542.4153853338566, 386.827860099545
637.1839900929142, 473.2393239070137
549.6254490931951, 356.3078649277219
551.9810102209074, 397.85465968002023
536.0114512152043, 374.9118727723521
666.5669794499311, 428.6378547688605
566.8693104210467, 383.15319189356717
608.9643203179351, 319.3686163780614
606.8363547156474, 361.75517927460993
661.6861026581273, 423.5749322575137
601.3582681007582, 445.3494711225137
586.7310465281755, 346.264853288558
620.7739435422836, 426.04419728978206
596.2880177432669, 419.53976252705166
658.0876171857698, 354.2486337714298
562.3084931666011, 483.00960022653555
599.9627119425176, 362.15638803380995
613.7976350335672, 348.95278089400546
648.5209026693324, 474.3495777084371
593.8862166334086, 453.93201844276314
566.6046885890603, 363.96792310215864
655.7701040506879, 422.30250966258427
606.0274929012672, 386.94114969586457
558.1315433817007, 431.26925010781997
619.0760290597763, 434.04876357792574
659.7624197126756, 428.4235618451855
549.862266324924, 365.5298776633853
633.8365978008562, 443.2340407031399
492.4703586478518, 402.3848043242604
593.367542192289, 451.6613569445208
573.5358568064801, 426.3796133758558
647.3895416183461, 352.31164726701394
588.1871142481588, 363.67022521889845
522.0039240818849, 375.39432063960635
594.0384702582938, 382.2067504035856
675.7793536563227, 452.69722635738225
567.5343024648685, 423.43224440828226
550.1023927775851, 397.04779412254493
593.6121615183655, 395.36761932155065
601.2244647562703, 436.19684806052663
613.659116905973, 465.5143302531636
607.3131344801005, 445.10475885941753
568.2904139475368, 344.6903278424086
638.4147386321027, 315.11027696578856
636.2004103591186, 394.5285741303683
626.958829609234, 443.5896343723157
623.9203610535028, 379.2687681964534
590.5186166739818, 400.12465634295216
581.560076935338, 366.8395839412095
616.7738398512433, 390.51780480680844
637.8628707689387, 483.16421922199794
625.4459508460759, 371.6031744432572
610.3229890154854, 419.75137581115325
627.0403559514051, 322.5090059981168
585.8900232744488, 385.45615703495963
589.7770616563929, 331.7689663381327
627.3192510660297, 454.0927742721777
563.7163229885518, 389.44795103765944
614.7254448398692, 457.94887417570317
611.5447994954666, 420.94607250804285
618.3460565055964, 430.0964700165009
590.9643889036513, 368.6733301994021
593.3986276865959, 360.470262323909
566.1395462607442, 399.81820461526496
532.0486807347246, 355.48096880541664
625.4833854538567, 374.9857519533882
609.0457040836291, 385.31596065505164
632.2982878183876, 450.73595299213304
509.86222390746406, 355.12516377314586
633.610463245631, 442.6596412812222
612.8645169963561, 473.34343223709675
664.730153941597, 375.61055366099345
649.331352013265, 384.0123605842291
665.0534527125577, 359.7722749025806
590.1829858878926, 374.6801875081958
621.5775986539671, 475.23405088085167
657.582117573053, 355.35875745320976
628.8898857793574, 434.48370466572544
662.8918916356611, 471.81166966287026
578.2317107493394, 367.47942400020406
674.5814831044241, 410.4794769605348
586.4425116881445, 372.8226042140984
625.7266538266448, 397.5672646935396
614.4277383364259, 376.8594252550027
612.6499616414985, 429.19377166273034
538.6551300926515, 420.32709774504593
581.3572667876655, 344.18672649259287
562.5350772731672, 396.8866255601531
605.4543581961467, 392.04465422021593
637.5587986042245, 391.86722479014514
523.131289258205, 399.4098925187586
623.5866857684407, 451.02756442572934
672.719874360797, 378.26360753493174
582.6097157755946, 416.9957964166636
670.6087544757723, 409.4659762211346
599.3758230996949, 381.80802955408797
590.0667747171188, 442.522470652769
642.5880946042616, 463.91731326799464
586.6861138777618, 416.893255129095
558.3552436525879, 367.0682025441132
558.2128177808613, 466.8356052799822
586.2611801922302, 353.67246077477233
613.0194267886026, 466.14357325798983
592.968865582859, 420.83355604161665
654.0310024952657, 335.0373158615848
600.017881390963, 404.01394404968477
573.0314420911277, 397.06466839785804
611.3233586078034, 439.4897242439698
603.3081561631209, 390.51546530748055
590.3177749325886, 353.54806843075266
624.6176929171543, 426.5723570533336
573.842953974307, 382.4397934246421
602.628004129977, 405.3304905300978
675.090106297722, 343.29756271095744
615.2058756872991, 434.05034932586074
657.2755728224961, 305.4900720376471
599.6968935993042, 433.01115913920415
547.507381731305, 406.857324096578
626.3122345176703, 366.7346026269904
581.2248157241945, 335.41907945081186
648.9004122986859, 415.83905913718314
540.2040576174153, 420.3957775848748
642.8908922791721, 460.5745141172146
571.727566291954, 415.19744551409383
661.8503946264307, 357.01460600936934
576.6191510125593, 456.5736669775151
573.1381260900077, 328.0741547098761
654.3198765321657, 366.1895208322883
597.0776387110157, 394.4945845000417
682.4799542544527, 442.1314196951163
637.077590578538, 419.42412353095574
600.7540660159577, 405.98230761441243
542.8168177042639, 335.8870303344677
496.98471495647334, 413.85822898864444
625.1175762882744, 346.21726373081015
605.0647938314734, 431.43665214509446
531.6732473168678, 416.187514821724
627.3172958945933, 457.70839069115243
587.8572812793915, 421.07364613461027
607.9533701431316, 352.5484442605148
662.4752539552034, 430.825444269784
590.1897939385269, 415.2127844381466
539.0271531759895, 385.75029220719784
611.4037450731522, 381.6233428139997
624.6833235654794, 436.80634639555063
540.0850763914419, 414.15064321519674
565.829227228457, 343.16354005299314
570.2571917002564, 485.8817333906412
587.0685704144934, 338.89837515687327
619.6909586403123, 401.3561508545056
602.0601923804153, 370.4769790241767
593.2076904483426, 367.87322972848955
545.7297856009087, 359.248076338919
612.7521311043027, 401.74514473506844
657.9131752081034, 467.4378490041181
543.0825471030295, 451.45674173136626
573.1105363496537, 331.25715788364204
599.4729181303138, 396.5402924166274
592.8007870918163, 459.40075252873584
580.6564911146822, 381.52382326664036
577.4040205089186, 349.330818036352
584.1171448755571, 433.87602768466803
598.3869057204577, 432.98134767490507
648.3641564860054, 358.0820740128806
564.1153514676184, 393.501559341219
642.3863148265141, 328.7129450761724
626.4319446472975, 382.18252746252875
661.9711298018625, 426.1775418677982
524.9019453685626, 403.53347149155763
658.0324486625216, 428.6968847213303
566.4118651484964, 450.0517823998921
634.8654360034304, 314.591027046096
625.6308508072185, 395.7939570072668
619.7993754600559, 454.01899082479866
629.8828013030159, 487.19445953012524
627.5399431954648, 420.76666396207304
671.2753711726323, 465.6881307944081
611.2617867580286, 363.0756064447941
656.0534414845038, 360.9484149189087
585.0585493421738, 345.10522616205975
614.7260034341713, 418.06527334047604
659.1208790772266, 419.77725377554566
635.6944812330806, 424.3405560513826
582.1527369569536, 415.8445259676346
625.1771690282818, 392.37616915157827
590.9641073161132, 436.95194265878814
525.5896617448385, 435.39424627209144
622.722133386314, 422.0313086092281
594.2632653434559, 313.3566512022617
635.0666222904952, 357.23139597877696
557.0424129191932, 455.0210114435942
611.6491502275147, 440.4058502826849
640.3298405212624, 336.38499283541614
610.1247968234533, 421.61087649194394
621.6492618087615, 494.3561252969532
601.0610267036387, 394.78025511859806
578.5718904310241, 381.7114686718098
607.6531397872764, 346.9306456492465
625.8619735812819, 346.36891744686767
639.5718391370369, 479.1253159015694
636.4740148268453, 444.21601811461863
613.0608404373295, 459.064833206547
602.3170698952233, 329.0040658834688
576.1610851031397, 372.1946268968302
612.4503899621957, 371.08509424982543
639.0002581307148, 382.35013767556717
645.6098151629899, 426.44925728415967
559.6952901614878, 375.7098496581541
604.9410038309085, 389.9617934364468
583.219843863724, 364.60732740993717
563.3456850378824, 362.39648787018075
633.620087267183, 377.51932292786154
606.2184670476471, 393.16821202969425
600.1856159370915, 364.31947608749397
604.2246781352258, 324.01989371093447
570.7108773658142, 394.47489269684576
601.6442171009699, 413.26286167002604
626.4688897467615, 416.49358790329677
567.6655039992468, 382.4318210048989
587.8540224621837, 367.56547389940147
604.2122144062168, 419.91244116545965
546.4991318849947, 400.6039434539027
699.5286278421993, 431.18853913281623
543.0468554609162, 426.4959661932294
648.2036543860534, 441.04104012158723
551.5431762200624, 334.0147705261425
572.9371612841092, 380.2781092846478
578.3632689416677, 430.90003730943135
569.0876660715239, 450.86746791287976
524.4034808302256, 459.74840880536937
598.7074107921947, 379.8102925842124
610.9862333843625, 420.55492555042713
566.8199946043662, 378.9699072454586
600.322256563596, 441.24524535662846
570.0241747300217, 495.02432784858064
643.7207703626783, 407.00857536371785
591.5222059146845, 361.797694158549
566.8170735381104, 404.14662520402055
667.8223779308105, 427.0255367955421
536.1250774605045, 384.8508286967474
622.596586566841, 429.98949568507186
568.2878798383598, 389.722574480323
637.5419210894478, 334.84860243405205
634.5691817116732, 348.2258908248058
589.6061952347901, 338.9453225993299
560.6460365392049, 407.8372571358583
568.9405649503884, 387.8459440325335
592.3939203448074, 403.0432245744103
566.877216912924, 395.9030586769567
581.9925041558126, 379.6270955910035
581.6070375299871, 416.6515439930657
639.056606510788, 347.9313108593329
568.6090324914535, 405.8423505218442
530.8467503445859, 398.68281741702174
588.7556472038422, 473.89490968712863
537.8415574227907, 394.79677988253474
590.9981632364714, 338.7586490255701
653.0727246243794, 349.01856897727293
561.0217163686215, 343.70038446548494
579.8175717826555, 394.9089446362871
547.4322282855775, 429.06953078610377
642.1511098795785, 472.58638643593713
601.04673560262, 416.21759505699646
587.467277417969, 465.7319334918923
598.9694807758549, 362.26385152860655
595.6503482758286, 384.6073796549428
606.4847083075426, 460.3709978271629
540.1856558140339, 385.1769381029079
613.9623480215049, 396.8011515265356
615.217700770438, 387.94065716595526
616.8173414785781, 438.98373458930257
601.5619245558307, 304.93975770132374
568.5072432088489, 406.96666121898386
654.3710141099436, 407.2461963668259
519.6747952600912, 348.1112651936842
600.5327737346337, 457.3215456164353
561.6407390387444, 405.71043453751867
609.3199638825442, 410.94511377965
679.0903955922146, 380.6197104967336
658.8004370749774, 316.3830313580312
589.8988610287067, 396.3123309614412
642.8953740664358, 354.7450642599466
556.3376759088707, 382.2956671058533
590.7163700987591, 427.3104400576186
593.1926164497746, 409.57308467233776
567.5734185514716, 364.3481664270951
670.5291966592581, 378.0577845089251
571.8968983569853, 409.8998291891741
588.1798028186759, 371.9052053314165
663.5323613790837, 377.69401104732503
547.3576442113902, 345.18932734099985
644.5633194446028, 388.40117129127583
577.2741490198932, 426.7166204407659
579.5381403767179, 430.3198330973711
609.4371548454397, 302.62389966353396
605.6106377969338, 414.68928548637155
639.5909272566297, 480.53522646875354
631.1771433238705, 395.71765898252414
675.3571029980595, 371.5214747678383
646.9918604802535, 379.52751291919435
575.846939925906, 446.15432462904755
581.8751602221929, 393.1896184796104
606.7722216797541, 329.18482984996245
644.1938883711297, 389.0967162912679
634.4289137874516, 365.0597809181345
601.6984810059023, 327.19558659924496
662.0480012259126, 403.29911348250465
582.1935715404722, 445.7560936840013
627.4022125951935, 390.1326160664884
590.9856097587, 481.1739906626033
569.4069240489406, 465.15813840803963
623.1194634359349, 334.0028365510116
648.4460963355828, 395.2174133895956
599.8206060285743, 414.97344307854684
598.5390279666068, 437.3421036885309
620.4675188464818, 372.81543295582105
542.903856865189, 400.33896885987724
620.1328722925052, 399.5086424370823
623.3669713027317, 326.2810278856296
540.9021282169982, 362.55685523027097
544.3215838573643, 385.7307950819596
647.4934270143333, 410.46119974198484
606.5287201806019, 432.8689837561716
586.1878230361391, 404.6430244766883
541.7979114438672, 378.04459039083883
555.232927843987, 410.57292292599493
576.1893022016673, 434.4934405865364
648.2166403512872, 453.15913177907913
632.3070868655722, 370.8357832343288
545.0510918604722, 344.94564332150514
586.8809414907233, 429.58589256143387
544.6623835996709, 422.2018931912936
641.4859128254722, 434.44713942662884
567.8014331811655, 415.3816823566866
648.4099559272315, 442.312036672483
608.1039635090731, 396.8021300778002
577.0866433073224, 420.677467301355
577.8282314951352, 422.83642569928907
514.5692959966559, 385.11571224270165
603.9781507595261, 345.91897054316496
602.5664657723104, 419.31803788066543
591.2755320185274, 342.1039257136431
610.5000984243214, 449.2843869254168
583.9614215421201, 414.6766351295449
598.9804381732223, 389.3349158494379
640.0275463884416, 449.7603958989033
636.7736056727688, 411.52465202024337
567.7275377611995, 404.68704316080795
611.8164065650205, 429.14214105097125
571.4878839023363, 356.02135531535475
589.8882388810936, 397.4497701455519
552.747692663435, 377.47541160882173
618.5231819203879, 395.26422965764374
629.7156726229852, 398.8968953459009
620.1152170674387, 428.78112321278496
577.3675036618723, 409.15366832815187
691.8897680571396, 399.0445273081508
593.8244457525864, 407.8623061900588
661.4007872097874, 427.522409283929
545.0311545766663, 374.4862193784617
566.5636610095256, 374.24811779380394
629.350074865316, 475.7201282126208
631.8874869692324, 397.2166936060829
614.9182815741369, 434.4711759698064
632.0742989789051, 403.4887549707842
646.6233475801769, 381.51932281768273
660.5589149581645, 376.2486778895365
586.0860444725963, 404.0065136030328
615.5633081065422, 385.8188514163189
654.4474601636899, 427.29346281827577
591.6820372508005, 455.95128948359354
610.1912602033923, 387.4602919876971
554.6095004392495, 361.5188123164545
544.5358622541811, 399.2637573163793
633.8416429514999, 431.2770754871951
578.9723638543066, 332.43161137120353
652.8230596924348, 392.3011484886003
